3528.51	1058
3527.23	1056.67
3525.95	1059.89
3524.67	1063.11
3523.39	1058.56
3522.1	1052.67
3520.82	1053.78
3519.54	1055
3518.26	1052.89
3516.97	1048.89
3515.69	1055.56
3514.4	1047.22
3513.12	1046.33
3511.84	1045.89
3510.55	1050.78
3509.26	1043.78
3507.98	1045.33
3506.69	1048.67
3505.41	1048.11
3504.12	1044.33
3502.83	1041.22
3501.54	1035.33
3500.26	1036.67
3498.97	1029.44
3497.68	1030.89
3496.39	1033.67
3495.1	1038.44
3493.81	1042.56
3492.52	1042.11
3491.23	1036.44
3489.94	1034.11
3488.65	1040.33
3487.36	1031
3486.07	1034.78
3484.78	1026.67
3483.49	1040.78
3482.19	1026
3480.9	1031
3479.61	1038.89
3478.31	1029.44
3477.02	1028.11
3475.73	1028.78
3474.43	1024.89
3473.14	1032
3471.84	1024.11
3470.54	1027.89
3469.25	1029.67
3467.95	1024.56
3466.66	1032.56
3465.36	1022.56
3464.06	1027.11
3462.76	1029.89
3461.46	1030.33
3460.17	1020
3458.87	1028.67
3457.57	1025.89
3456.27	1020.11
3454.97	1025.33
3453.67	1025.44
3452.37	1022.56
3451.07	1019.78
3449.77	1030.56
3448.47	1024.67
3447.16	1019.44
3445.86	1016.67
3444.56	1018.33
3443.26	1022.44
3441.95	1022.56
3440.65	1022.89
3439.35	1020.44
3438.04	1019.89
3436.74	1022.56
3435.43	1022.67
3434.13	1012
3432.82	1027.44
3431.52	1023.67
3430.21	1018.89
3428.9	1029.22
3427.6	1022.78
3426.29	1023.33
3424.98	1025.33
3423.67	1017.44
3422.36	1020.11
3421.06	1029.89
3419.75	1015.56
3418.44	1022.33
3417.13	1020.67
3415.82	1022.44
3414.51	1024.22
3413.2	1018.33
3411.88	1023.67
3410.57	1028.11
3409.26	1028.22
3407.95	1018
3406.64	1023.56
3405.32	1023.11
3404.01	1016.44
3402.7	1024.78
3401.38	1015.56
3400.07	1030.33
3398.75	1024.67
3397.44	1024
3396.12	1028.11
3394.81	1018.56
3393.49	1019.33
3392.18	1020.67
3390.86	1023.11
3389.54	1028.67
3388.23	1022
3386.91	1019.89
3385.59	1027.33
3384.27	1027.44
3382.95	1022.56
3381.63	1022.89
3380.31	1027.56
3378.99	1029.33
3377.67	1017.67
3376.35	1022.67
3375.03	1023.56
3373.71	1031.78
3372.39	1029
3371.07	1020.67
3369.75	1021.89
3368.42	1031.22
3367.1	1024.44
3365.78	1026.11
3364.45	1023.33
3363.13	1022.67
3361.81	1021.78
3360.48	1022.67
3359.16	1026.22
3357.83	1024.44
3356.51	1024.44
3355.18	1025.67
3353.85	1020.44
3352.53	1023.33
3351.2	1022.56
3349.87	1031.22
3348.54	1025.22
3347.22	1026.89
3345.89	1028.44
3344.56	1024.22
3343.23	1028.67
3341.9	1027.22
3340.57	1027.56
3339.24	1032.44
3337.91	1030.89
3336.58	1029.44
3335.25	1030.11
3333.92	1028.33
3332.58	1026.33
3331.25	1033.22
3329.92	1033.67
3328.59	1025.89
3327.25	1025.11
3325.92	1027.78
3324.58	1032.67
3323.25	1024
3321.92	1027.22
3320.58	1030.56
3319.25	1022.78
3317.91	1026.89
3316.57	1031.11
3315.24	1029.67
3313.9	1029.44
3312.56	1021.89
3311.23	1033.44
3309.89	1030
3308.55	1021.22
3307.21	1032.44
3305.87	1030.67
3304.53	1030.67
3303.19	1024.11
3301.85	1022.89
3300.51	1029.67
3299.17	1027.33
3297.83	1034.33
3296.49	1030.33
3295.15	1032.33
3293.81	1034.22
3292.46	1033.11
3291.12	1031
3289.78	1024.33
3288.43	1028.11
3287.09	1028.89
3285.75	1024.33
3284.4	1030.56
3283.06	1025.89
3281.71	1028.44
3280.37	1032.22
3279.02	1033.33
3277.67	1032.44
3276.33	1034.78
3274.98	1022.56
3273.63	1032
3272.28	1032.56
3270.94	1029.44
3269.59	1025.89
3268.24	1030.33
3266.89	1028.33
3265.54	1027.56
3264.19	1028.22
3262.84	1031.56
3261.49	1028.67
3260.14	1027
3258.79	1027.78
3257.44	1032
3256.08	1033.44
3254.73	1027.22
3253.38	1038.56
3252.03	1023.44
3250.67	1030
3249.32	1031.44
3247.96	1037.44
3246.61	1032.33
3245.26	1026.33
3243.9	1029.44
3242.54	1031.78
3241.19	1033.67
3239.83	1036.89
3238.48	1024.22
3237.12	1029.11
3235.76	1035.22
3234.41	1031.44
3233.05	1035.33
3231.69	1033.22
3230.33	1034.33
3228.97	1034.44
3227.61	1033.33
3226.25	1034.22
3224.89	1030
3223.53	1035.56
3222.17	1033.67
3220.81	1033.89
3219.45	1040.56
3218.09	1040.67
3216.72	1032.67
3215.36	1040.56
3214	1040.11
3212.63	1033
3211.27	1042.33
3209.91	1028
3208.54	1047.67
3207.18	1028
3205.81	1032.44
3204.45	1039.89
3203.08	1034.67
3201.71	1037
3200.35	1031.67
3198.98	1031.22
3197.61	1041.89
3196.25	1036.33
3194.88	1040.44
3193.51	1030.89
3192.14	1040.33
3190.77	1038.56
3189.4	1029.11
3188.03	1043.89
3186.66	1031.67
3185.29	1031.11
3183.92	1035.89
3182.55	1035.22
3181.18	1030.44
3179.81	1027.44
3178.44	1041.56
3177.06	1032.11
3175.69	1027.89
3174.32	1037
3172.94	1033.56
3171.57	1035.11
3170.2	1035.33
3168.82	1037.78
3167.45	1027.33
3166.07	1032.78
3164.69	1040.22
3163.32	1033.33
3161.94	1033.78
3160.56	1032.11
3159.19	1034.56
3157.81	1036.22
3156.43	1032.56
3155.05	1037.11
3153.67	1036
3152.3	1031.33
3150.92	1038
3149.54	1032
3148.16	1040.44
3146.78	1038.78
3145.4	1031.78
3144.01	1036.89
3142.63	1031.78
3141.25	1033.44
3139.87	1032.67
3138.49	1036.89
3137.1	1038.33
3135.72	1032.56
3134.34	1034.56
3132.95	1032.89
3131.57	1024.33
3130.18	1032
3128.8	1034.89
3127.41	1034.67
3126.03	1027.44
3124.64	1040.22
3123.25	1036.56
3121.87	1035.44
3120.48	1035.56
3119.09	1030.44
3117.7	1040.44
3116.32	1035.89
3114.93	1033.56
3113.54	1029.11
3112.15	1037.56
3110.76	1038.56
3109.37	1032.44
3107.98	1035.44
3106.59	1043.33
3105.2	1035.11
3103.8	1040.67
3102.41	1044.78
3101.02	1042.78
3099.63	1049.11
3098.23	1038.11
3096.84	1034
3095.45	1045.33
3094.05	1041.11
3092.66	1044.67
3091.26	1044.44
3089.87	1046.67
3088.47	1047.22
3087.08	1044.44
3085.68	1048.22
3084.28	1038.78
3082.89	1054.67
3081.49	1049.67
3080.09	1052
3078.69	1049.67
3077.3	1052.89
3075.9	1052.11
3074.5	1059.56
3073.1	1056.11
3071.7	1057.22
3070.3	1054.67
3068.9	1051
3067.5	1062.78
3066.09	1057.67
3064.69	1062.89
3063.29	1062.44
3061.89	1065.33
3060.48	1070.89
3059.08	1065.11
3057.68	1072.67
3056.27	1068.56
3054.87	1066.44
3053.46	1063.22
3052.06	1076.78
3050.65	1076.22
3049.25	1075.44
3047.84	1074.44
3046.44	1083
3045.03	1079
3043.62	1089.44
3042.21	1097.78
3040.81	1084.89
3039.4	1091.78
3037.99	1101.11
3036.58	1103.67
3035.17	1110.67
3033.76	1106.67
3032.35	1115.67
3030.94	1114.78
3029.53	1121.33
3028.12	1124.44
3026.71	1119.89
3025.29	1127.78
3023.88	1132.89
3022.47	1141.67
3021.06	1155.67
3019.64	1156
3018.23	1154.44
3016.82	1158.44
3015.4	1163.89
3013.99	1177.89
3012.57	1192.56
3011.15	1195.67
3009.74	1201.89
3008.32	1215.78
3006.91	1227.78
3005.49	1228.22
3004.07	1252
3002.65	1264.22
3001.24	1276.56
2999.82	1295.78
2998.4	1303
2996.98	1330.11
2995.56	1352.11
2994.14	1366
2992.72	1392.11
2991.3	1411.78
2989.88	1447.22
2988.46	1462.33
2987.03	1487.11
2985.61	1519.44
2984.19	1544.89
2982.77	1577.56
2981.34	1585.44
2979.92	1622.78
2978.49	1663.78
2977.07	1668.56
2975.65	1696.89
2974.22	1721.22
2972.79	1752.11
2971.37	1748.33
2969.94	1775.33
2968.52	1783
2967.09	1808.89
2965.66	1797.56
2964.23	1810
2962.81	1827.78
2961.38	1806.33
2959.95	1825.78
2958.52	1848.33
2957.09	1855.78
2955.66	1875.89
2954.23	1900
2952.8	1908.67
2951.37	1932.11
2949.94	1983.33
2948.5	2008
2947.07	2027.44
2945.64	2093.67
2944.21	2114.78
2942.77	2187.78
2941.34	2233.33
2939.91	2292.44
2938.47	2344.11
2937.04	2386.89
2935.6	2458.11
2934.17	2485.44
2932.73	2538.11
2931.29	2568.44
2929.86	2592.89
2928.42	2620.89
2926.98	2629
2925.55	2647.67
2924.11	2634.11
2922.67	2611.78
2921.23	2580.56
2919.79	2533.33
2918.35	2497.89
2916.91	2455.22
2915.47	2438.89
2914.03	2378.78
2912.59	2364.78
2911.15	2325.89
2909.71	2308.22
2908.26	2262.33
2906.82	2263.89
2905.38	2234.78
2903.94	2232.22
2902.49	2237.22
2901.05	2214
2899.6	2230
2898.16	2223.89
2896.71	2238.67
2895.27	2226.44
2893.82	2257.67
2892.38	2271.56
2890.93	2278.78
2889.48	2304.11
2888.03	2309.33
2886.59	2323.56
2885.14	2333
2883.69	2337.22
2882.24	2337.22
2880.79	2349.67
2879.34	2337.33
2877.89	2327.78
2876.44	2315.67
2874.99	2290.11
2873.54	2268.22
2872.09	2236.22
2870.64	2210.56
2869.18	2182.22
2867.73	2133.22
2866.28	2076
2864.83	2048
2863.37	1997.78
2861.92	1951.67
2860.46	1907.22
2859.01	1870.78
2857.55	1833.67
2856.1	1819.56
2854.64	1776.33
2853.19	1755.89
2851.73	1743.78
2850.27	1718
2848.81	1705.56
2847.36	1682.44
2845.9	1671.89
2844.44	1650.33
2842.98	1644.78
2841.52	1635
2840.06	1632.33
2838.6	1611.56
2837.14	1598.89
2835.68	1585.11
2834.22	1583.33
2832.76	1574.11
2831.3	1545.56
2829.83	1550
2828.37	1530.44
2826.91	1506.22
2825.44	1471.11
2823.98	1470
2822.52	1446
2821.05	1423.89
2819.59	1406.89
2818.12	1389.22
2816.66	1381.33
2815.19	1347.67
2813.72	1341.22
2812.26	1322.22
2810.79	1316.56
2809.32	1289.67
2807.85	1282
2806.38	1285
2804.92	1261.22
2803.45	1246.89
2801.98	1244.33
2800.51	1236
2799.04	1226
2797.57	1219.11
2796.1	1208.56
2794.62	1210.33
2793.15	1204.89
2791.68	1186.33
2790.21	1193.56
2788.73	1178.56
2787.26	1180.11
2785.79	1177.11
2784.31	1174.44
2782.84	1169.56
2781.36	1171.44
2779.89	1165.44
2778.41	1170
2776.94	1159.11
2775.46	1156.89
2773.99	1159.78
2772.51	1157.89
2771.03	1161.67
2769.55	1168.56
2768.07	1168
2766.6	1170.22
2765.12	1170
2763.64	1161.44
2762.16	1177.11
2760.68	1174.11
2759.2	1168.67
2757.72	1177.67
2756.24	1173.11
2754.75	1177.33
2753.27	1186.22
2751.79	1177.44
2750.31	1184.22
2748.82	1192.67
2747.34	1195.67
2745.86	1186.56
2744.37	1189.33
2742.89	1191
2741.4	1186.22
2739.92	1192.33
2738.43	1178
2736.94	1193.89
2735.46	1187.67
2733.97	1188.22
2732.48	1194.22
2731	1200.89
2729.51	1204.22
2728.02	1207.89
2726.53	1194.44
2725.04	1216.11
2723.55	1207.78
2722.06	1216.33
2720.57	1210.56
2719.08	1224.44
2717.59	1222.67
2716.1	1219.78
2714.61	1217.89
2713.11	1210.67
2711.62	1209.44
2710.13	1208.33
2708.64	1188.56
2707.14	1193.11
2705.65	1183.67
2704.15	1170.44
2702.66	1167.33
2701.16	1153.56
2699.67	1154.11
2698.17	1149.67
2696.67	1144.33
2695.18	1134.33
2693.68	1114.67
2692.18	1119.67
2690.69	1116.33
2689.19	1109.33
2687.69	1108.78
2686.19	1092.11
2684.69	1099.78
2683.19	1088.33
2681.69	1093.33
2680.19	1091.44
2678.69	1078.22
2677.19	1075.33
2675.68	1084.33
2674.18	1076.11
2672.68	1067.33
2671.18	1068.78
2669.67	1071.44
2668.17	1066.44
2666.66	1071.67
2665.16	1066.33
2663.66	1063.56
2662.15	1063.89
2660.64	1065.44
2659.14	1056
2657.63	1062.33
2656.13	1055.44
2654.62	1049.78
2653.11	1060.11
2651.6	1057.67
2650.09	1046.67
2648.58	1059.89
2647.08	1057.67
2645.57	1057.78
2644.06	1053.22
2642.55	1052.78
2641.04	1048
2639.52	1062.33
2638.01	1046.56
2636.5	1053.11
2634.99	1048.78
2633.48	1054.78
2631.96	1053.67
2630.45	1059.22
2628.94	1042.44
2627.42	1054.22
2625.91	1054
2624.39	1051.78
2622.88	1053
2621.36	1050.78
2619.85	1044.22
2618.33	1049.56
2616.81	1046.78
2615.3	1051.22
2613.78	1054.44
2612.26	1048.67
2610.74	1050
2609.22	1049.11
2607.7	1050.89
2606.18	1050.33
2604.66	1045.11
2603.14	1058.56
2601.62	1054.78
2600.1	1054.11
2598.58	1055.89
2597.06	1048.78
2595.54	1051.78
2594.01	1043.22
2592.49	1048.56
2590.97	1057.67
2589.44	1051.67
2587.92	1046
2586.39	1047.89
2584.87	1049.56
2583.34	1055.33
2581.82	1051.89
2580.29	1050
2578.76	1046.22
2577.24	1051.22
2575.71	1042.67
2574.18	1044.89
2572.65	1055.11
2571.13	1053.56
2569.6	1046.22
2568.07	1043.44
2566.54	1051.78
2565.01	1051.44
2563.48	1047
2561.95	1052.56
2560.42	1062.44
2558.88	1051.67
2557.35	1053.67
2555.82	1053.11
2554.29	1054
2552.75	1050.78
2551.22	1057.33
2549.69	1060.56
2548.15	1054.11
2546.62	1058
2545.08	1051.56
2543.55	1057.67
2542.01	1057.89
2540.47	1062.89
2538.94	1054.33
2537.4	1050.33
2535.86	1055.56
2534.33	1048.22
2532.79	1044.89
2531.25	1052.78
2529.71	1044.89
2528.17	1038
2526.63	1047.11
2525.09	1040.89
2523.55	1047.56
2522.01	1039.11
2520.47	1036.56
2518.92	1041.67
2517.38	1044.22
2515.84	1038.11
2514.3	1039.78
2512.75	1033.22
2511.21	1039.78
2509.67	1030.67
2508.12	1035.56
2506.58	1040.33
2505.03	1032.22
2503.49	1034.78
2501.94	1040.67
2500.39	1025.89
2498.85	1034.56
2497.3	1034.44
2495.75	1038.11
2494.2	1029.11
2492.65	1037.11
2491.11	1034.89
2489.56	1030.11
2488.01	1030.78
2486.46	1029.11
2484.91	1031.44
2483.36	1032.78
2481.8	1025.22
2480.25	1031.44
2478.7	1029.78
2477.15	1028.22
2475.6	1035.11
2474.04	1032
2472.49	1031.67
2470.93	1033.22
2469.38	1036
2467.83	1027.33
2466.27	1027.33
2464.71	1033
2463.16	1028.56
2461.6	1031.78
2460.05	1026.11
2458.49	1023.44
2456.93	1021.56
2455.37	1031.11
2453.81	1024.78
2452.26	1024.67
2450.7	1028.67
2449.14	1026.44
2447.58	1030.44
2446.02	1022.56
2444.46	1019.67
2442.9	1025.67
2441.33	1029.89
2439.77	1021.44
2438.21	1024.22
2436.65	1024.11
2435.08	1028.22
2433.52	1015.89
2431.96	1021.22
2430.39	1012.67
2428.83	1021.22
2427.26	1032.22
2425.7	1025.67
2424.13	1030
2422.56	1025.56
2421	1021.33
2419.43	1023.78
2417.86	1029.78
2416.3	1021.44
2414.73	1015.56
2413.16	1027.33
2411.59	1020.78
2410.02	1022
2408.45	1019.78
2406.88	1021.11
2405.31	1021.33
2403.74	1019.78
2402.17	1020.78
2400.6	1024.22
2399.02	1018.56
2397.45	1023.78
2395.88	1022.67
2394.3	1025.78
2392.73	1018.22
2391.16	1017.22
2389.58	1023.78
2388.01	1020
2386.43	1017
2384.86	1019.11
2383.28	1022.56
2381.7	1018.44
2380.13	1021.56
2378.55	1019
2376.97	1025.33
2375.39	1020.56
2373.81	1018.44
2372.23	1028.67
2370.65	1020.67
2369.07	1023.44
2367.49	1022
2365.91	1018.22
2364.33	1019.78
2362.75	1020.33
2361.17	1023.11
2359.59	1021.33
2358.01	1021.11
2356.42	1024.44
2354.84	1026.22
2353.25	1021.33
2351.67	1021.67
2350.09	1017.33
2348.5	1017.11
2346.92	1014
2345.33	1025.67
2343.74	1024.56
2342.16	1021.33
2340.57	1032.78
2338.98	1027.44
2337.39	1024.67
2335.81	1024.11
2334.22	1029.56
2332.63	1025.11
2331.04	1027.56
2329.45	1024.78
2327.86	1024.11
2326.27	1027.22
2324.68	1017.78
2323.09	1027.22
2321.49	1028.78
2319.9	1026.67
2318.31	1028.89
2316.72	1022.56
2315.12	1028.44
2313.53	1027.89
2311.93	1029.33
2310.34	1026.89
2308.74	1029
2307.15	1034.78
2305.55	1031.33
2303.96	1033.44
2302.36	1028.89
2300.76	1026.89
2299.17	1032.78
2297.57	1030
2295.97	1038
2294.37	1041.67
2292.77	1035.11
2291.17	1033.89
2289.57	1036
2287.97	1036.56
2286.37	1032.67
2284.77	1037.22
2283.17	1035.89
2281.57	1037.33
2279.96	1036.22
2278.36	1030.56
2276.76	1033.67
2275.15	1035
2273.55	1038.67
2271.95	1033.56
2270.34	1032.11
2268.74	1034.33
2267.13	1037.22
2265.52	1026.44
2263.92	1035.78
2262.31	1032.78
2260.7	1030.89
2259.1	1037.44
2257.49	1031.44
2255.88	1036.33
2254.27	1035.67
2252.66	1029.89
2251.05	1032.22
2249.44	1032
2247.83	1029.11
2246.22	1035.78
2244.61	1034.56
2243	1036.44
2241.39	1029.33
2239.77	1026.67
2238.16	1030.89
2236.55	1033.11
2234.93	1024.56
2233.32	1031.78
2231.7	1026.89
2230.09	1030.11
2228.47	1030.11
2226.86	1020.56
2225.24	1026.89
2223.63	1017.78
2222.01	1021.11
2220.39	1036.22
2218.77	1021.56
2217.16	1015.56
2215.54	1025.56
2213.92	1023.33
2212.3	1020.56
2210.68	1024.67
2209.06	1023.89
2207.44	1024
2205.82	1024.78
2204.19	1019.33
2202.57	1022.22
2200.95	1026.78
2199.33	1024.67
2197.7	1019.33
2196.08	1030.33
2194.46	1024.33
2192.83	1023.56
2191.21	1025.89
2189.58	1030
2187.96	1022.78
2186.33	1024.33
2184.7	1021.89
2183.08	1020.44
2181.45	1020.78
2179.82	1033.33
2178.19	1023.33
2176.57	1024.67
2174.94	1017.56
2173.31	1022.89
2171.68	1021
2170.05	1021
2168.42	1020.56
2166.79	1018.89
2165.16	1022.44
2163.52	1022.78
2161.89	1016.44
2160.26	1017.33
2158.63	1022
2156.99	1020.11
2155.36	1022
2153.73	1019.89
2152.09	1024.22
2150.46	1025.44
2148.82	1013.89
2147.18	1025.67
2145.55	1017.78
2143.91	1019.67
2142.27	1024.44
2140.64	1030.56
2139	1019.11
2137.36	1028.67
2135.72	1029
2134.08	1022.78
2132.44	1017.22
2130.8	1030.89
2129.16	1027.78
2127.52	1020.78
2125.88	1021.67
2124.24	1021.33
2122.6	1023.78
2120.95	1022.78
2119.31	1018.67
2117.67	1014.22
2116.02	1025.67
2114.38	1021.89
2112.74	1025
2111.09	1034.78
2109.45	1021.11
2107.8	1025
2106.15	1020.33
2104.51	1030.44
2102.86	1021.11
2101.21	1029
2099.56	1025.33
2097.92	1029
2096.27	1027.44
2094.62	1026.33
2092.97	1037.22
2091.32	1026.11
2089.67	1027.11
2088.02	1033.33
2086.37	1030.11
2084.72	1026
2083.06	1031.56
2081.41	1019.22
2079.76	1025.44
2078.1	1021.67
2076.45	1020.22
2074.8	1024.44
2073.14	1021.44
2071.49	1022.67
2069.83	1026.56
2068.18	1022.22
2066.52	1025
2064.86	1021.56
2063.21	1019.67
2061.55	1023.22
2059.89	1017.67
2058.23	1023.33
2056.57	1018
2054.92	1019.44
2053.26	1014.78
2051.6	1023
2049.94	1022.22
2048.27	1022.22
2046.61	1017.11
2044.95	1017.56
2043.29	1020.67
2041.63	1018
2039.97	1020.11
2038.3	1022.56
2036.64	1019.56
2034.97	1020.56
2033.31	1017.44
2031.64	1016.44
2029.98	1014.33
2028.31	1014.44
2026.65	1023.33
2024.98	1014.33
2023.31	1020.67
2021.65	1012.33
2019.98	1020.11
2018.31	1023.11
2016.64	1017
2014.97	1018.78
2013.3	1017.22
2011.63	1019.22
2009.96	1016.89
2008.29	1017.33
2006.62	1027.11
2004.95	1014.67
2003.28	1016.56
2001.6	1027.33
1999.93	1018.22
1998.26	1026.33
1996.58	1019.11
1994.91	1013
1993.24	1021
1991.56	1019.11
1989.89	1016.67
1988.21	1019
1986.53	1020.78
1984.86	1014.56
1983.18	1020.67
1981.5	1020
1979.82	1024.78
1978.15	1018
1976.47	1023.22
1974.79	1021.78
1973.11	1021.22
1971.43	1022.33
1969.75	1027.89
1968.07	1023.33
1966.38	1016
1964.7	1028.67
1963.02	1027.78
1961.34	1024.22
1959.66	1020.44
1957.97	1025
1956.29	1028.56
1954.6	1023.78
1952.92	1017.67
1951.23	1020.11
1949.55	1026.78
1947.86	1018.78
1946.18	1025.78
1944.49	1024.22
1942.8	1027.22
1941.11	1023.22
1939.43	1013.78
1937.74	1021.67
1936.05	1030
1934.36	1020.78
1932.67	1018
1930.98	1028.11
1929.29	1028
1927.6	1021.11
1925.91	1027.44
1924.21	1023.11
1922.52	1021.56
1920.83	1024.33
1919.14	1026.56
1917.44	1025.11
1915.75	1030.56
1914.05	1028.56
1912.36	1029.33
1910.66	1023.56
1908.97	1025.22
1907.27	1025
1905.58	1022.22
1903.88	1020.33
1902.18	1028.89
1900.48	1025.67
1898.79	1032.22
1897.09	1028
1895.39	1029.11
1893.69	1025.89
1891.99	1030.89
1890.29	1025.33
1888.59	1017.22
1886.89	1029.89
1885.18	1019.89
1883.48	1027
1881.78	1028.56
1880.08	1030.56
1878.37	1025.33
1876.67	1025.33
1874.96	1026.56
1873.26	1027.11
1871.55	1024.11
1869.85	1026.56
1868.14	1024.78
1866.44	1024.56
1864.73	1025.78
1863.02	1024.56
1861.32	1018.67
1859.61	1024.78
1857.9	1024.89
1856.19	1030.56
1854.48	1024.44
1852.77	1024.67
1851.06	1027.78
1849.35	1024.67
1847.64	1025
1845.93	1022.11
1844.21	1027.11
1842.5	1027.56
1840.79	1031.56
1839.08	1024.33
1837.36	1027.89
1835.65	1020.44
1833.93	1020.67
1832.22	1023.78
1830.5	1028.44
1828.79	1018.89
1827.07	1023.22
1825.36	1025.22
1823.64	1018.89
1821.92	1019.44
1820.2	1027.89
1818.48	1030.89
1816.77	1025.78
1815.05	1029.56
1813.33	1030.33
1811.61	1027.44
1809.89	1033
1808.16	1026.22
1806.44	1022.78
1804.72	1030.44
1803	1026.56
1801.28	1031.33
1799.55	1029.22
1797.83	1029.89
1796.11	1030.22
1794.38	1020.67
1792.66	1028.56
1790.93	1029.44
1789.21	1036.11
1787.48	1029.67
1785.75	1029.78
1784.03	1035.89
1782.3	1022.56
1780.57	1031.78
1778.84	1036.67
1777.11	1034.89
1775.38	1038.11
1773.66	1037.22
1771.93	1039
1770.19	1042.11
1768.46	1033.56
1766.73	1038.33
1765	1041.33
1763.27	1045.44
1761.54	1040.33
1759.8	1044
1758.07	1036.56
1756.34	1048.89
1754.6	1040.56
1752.87	1051.33
1751.13	1041.56
1749.4	1044.44
1747.66	1051.22
1745.92	1051.33
1744.19	1046.56
1742.45	1057.56
1740.71	1047.67
1738.97	1059.22
1737.23	1058.56
1735.49	1059.11
1733.75	1060.78
1732.01	1057.89
1730.27	1063.56
1728.53	1064
1726.79	1061
1725.05	1061.89
1723.31	1073.56
1721.57	1068.44
1719.82	1068.33
1718.08	1069.33
1716.34	1074.89
1714.59	1071.67
1712.85	1073.22
1711.1	1067.22
1709.36	1077.56
1707.61	1082
1705.86	1077.11
1704.12	1075.67
1702.37	1078.78
1700.62	1075.78
1698.87	1076.11
1697.12	1074.33
1695.37	1080.89
1693.62	1077.56
1691.87	1084.67
1690.12	1077.89
1688.37	1082.22
1686.62	1075.33
1684.87	1085.78
1683.12	1067.78
1681.36	1079.11
1679.61	1084.44
1677.86	1078.89
1676.1	1078.44
1674.35	1082.56
1672.59	1086.22
1670.84	1071.78
1669.08	1084.44
1667.33	1076.44
1665.57	1081.22
1663.81	1076.33
1662.06	1078.11
1660.3	1083.22
1658.54	1086.56
1656.78	1084.89
1655.02	1089.67
1653.26	1082.22
1651.5	1086.89
1649.74	1087.56
1647.98	1093.22
1646.22	1093.22
1644.46	1093.56
1642.7	1099.56
1640.93	1095.56
1639.17	1096.67
1637.41	1104.89
1635.64	1111.89
1633.88	1104.11
1632.11	1112.22
1630.35	1115.56
1628.58	1117.67
1626.81	1130.44
1625.05	1132.67
1623.28	1131.78
1621.51	1135.56
1619.75	1126.22
1617.98	1139.56
1616.21	1133.67
1614.44	1138.56
1612.67	1145
1610.9	1145.78
1609.13	1149.67
1607.36	1135.89
1605.58	1137.56
1603.81	1129.56
1602.04	1134.67
1600.27	1141.33
1598.49	1153.67
1596.72	1149.33
1594.95	1149.56
1593.17	1146.33
1591.4	1148.22
1589.62	1167.44
1587.84	1155.33
1586.07	1164.22
1584.29	1171.78
1582.51	1174.56
1580.74	1172.22
1578.96	1171.44
1577.18	1177.78
1575.4	1197.56
1573.62	1188.44
1571.84	1193.56
1570.06	1207.89
1568.28	1216.33
1566.5	1230
1564.72	1217.89
1562.93	1235.33
1561.15	1254.56
1559.37	1248.22
1557.58	1260.44
1555.8	1264.67
1554.02	1266.44
1552.23	1287.56
1550.45	1278.56
1548.66	1297.33
1546.87	1306.22
1545.09	1310
1543.3	1321.78
1541.51	1340.67
1539.72	1348.78
1537.94	1342.89
1536.15	1357
1534.36	1375.33
1532.57	1387.78
1530.78	1390.78
1528.99	1405.33
1527.2	1410.89
1525.4	1438.33
1523.61	1455.89
1521.82	1477.11
1520.03	1496
1518.23	1508.89
1516.44	1538.11
1514.65	1553.22
1512.85	1591.78
1511.06	1617.78
1509.26	1643.56
1507.46	1686.89
1505.67	1726.56
1503.87	1752.33
1502.07	1815
1500.28	1868.56
1498.48	1925
1496.68	2015.89
1494.88	2102
1493.08	2196.89
1491.28	2310.11
1489.48	2399.78
1487.68	2474.89
1485.88	2560.56
1484.08	2589.89
1482.27	2648.11
1480.47	2653.44
1478.67	2675
1476.86	2715.44
1475.06	2761.89
1473.25	2833.56
1471.45	2954.78
1469.64	3093.44
1467.84	3255.67
1466.03	3467.78
1464.23	3705.89
1462.42	4023
1460.61	4227.22
1458.8	4504.22
1456.99	4624
1455.18	4650
1453.37	4580.56
1451.56	4414.67
1449.75	4178.44
1447.94	3960.78
1446.13	3703
1444.32	3428.22
1442.51	3197.78
1440.7	3005.44
1438.88	2841.56
1437.07	2715.22
1435.26	2607.22
1433.44	2499.56
1431.63	2425
1429.81	2359.11
1427.99	2292.11
1426.18	2253.33
1424.36	2188.78
1422.54	2158.11
1420.73	2119.22
1418.91	2074.33
1417.09	2051.67
1415.27	2025.89
1413.45	1977.22
1411.63	1942.89
1409.81	1923
1407.99	1881.22
1406.17	1855.67
1404.35	1840.11
1402.53	1801.22
1400.7	1781.67
1398.88	1760.22
1397.06	1755.89
1395.23	1738.89
1393.41	1715
1391.58	1714.22
1389.76	1711.67
1387.93	1712.33
1386.11	1701.44
1384.28	1694.22
1382.45	1673.22
1380.62	1645.67
1378.8	1625.78
1376.97	1585.89
1375.14	1565.56
1373.31	1554.56
1371.48	1535.44
1369.65	1507.67
1367.82	1491
1365.99	1477.78
1364.16	1475.22
1362.32	1461
1360.49	1458.78
1358.66	1460.56
1356.82	1447.22
1354.99	1418.11
1353.16	1438.22
1351.32	1440.67
1349.48	1434.22
1347.65	1435.11
1345.81	1428.22
1343.98	1440.67
1342.14	1429.89
1340.3	1430.22
1338.46	1414.56
1336.62	1422
1334.79	1403.67
1332.95	1407.11
1331.11	1402.44
1329.27	1405.33
1327.42	1412.22
1325.58	1413.11
1323.74	1397
1321.9	1402.44
1320.06	1419.44
1318.21	1423
1316.37	1437.22
1314.53	1434
1312.68	1450.11
1310.84	1432.56
1308.99	1461.78
1307.15	1480.22
1305.3	1487.67
1303.45	1490.11
1301.61	1521.22
1299.76	1562.11
1297.91	1594.33
1296.06	1629.78
1294.21	1670.78
1292.36	1725.89
1290.51	1796.89
1288.66	1872.67
1286.81	1985.22
1284.96	2087.22
1283.11	2228.44
1281.26	2309.67
1279.4	2402.78
1277.55	2425.11
1275.7	2401.22
1273.84	2310
1271.99	2190.33
1270.13	2095.44
1268.28	1964.78
1266.42	1853.11
1264.56	1770.22
1262.71	1696.89
1260.85	1630.44
1258.99	1584.22
1257.13	1532.44
1255.27	1516.11
1253.41	1461
1251.56	1450
1249.7	1432
1247.83	1408.89
1245.97	1388.67
1244.11	1374.44
1242.25	1353.11
1240.39	1347.33
1238.52	1341.56
1236.66	1322.56
1234.8	1311.11
1232.93	1299
1231.07	1301.78
1229.2	1276.78
1227.34	1284.56
1225.47	1265.89
1223.6	1257.11
1221.74	1250.22
1219.87	1248.56
1218	1243.22
1216.13	1236.56
1214.26	1239.89
1212.39	1231.33
1210.53	1234.89
1208.65	1234.33
1206.78	1231.22
1204.91	1216.44
1203.04	1228.78
1201.17	1228.11
1199.3	1232.56
1197.42	1249.11
1195.55	1240.33
1193.68	1244.22
1191.8	1232.78
1189.93	1243.78
1188.05	1246
1186.17	1244.78
1184.3	1261.67
1182.42	1265.78
1180.54	1265.22
1178.67	1298.33
1176.79	1297.78
1174.91	1317
1173.03	1335.11
1171.15	1361.11
1169.27	1364.33
1167.39	1394.67
1165.51	1429.22
1163.63	1436.33
1161.75	1450
1159.86	1455.67
1157.98	1452.22
1156.1	1478.22
1154.21	1498
1152.33	1510.56
1150.44	1524.22
1148.56	1545.56
1146.67	1569.67
1144.79	1594.56
1142.9	1633.56
1141.01	1697.89
1139.12	1750.22
1137.24	1799.56
1135.35	1871.56
1133.46	1927.78
1131.57	2006.22
1129.68	2079.78
1127.79	2123.78
1125.9	2179.44
1124.01	2248.78
1122.12	2305.78
1120.22	2365.22
1118.33	2401.56
1116.44	2449.89
1114.54	2521.67
1112.65	2616.44
1110.75	2724.56
1108.86	2869.33
1106.96	3051.44
1105.07	3283.89
1103.17	3538.89
1101.27	3870.89
1099.38	4067
1097.48	4245.33
1095.58	4247.56
1093.68	4172.22
1091.78	4019.44
1089.88	3829.33
1087.98	3625.22
1086.08	3398.89
1084.18	3220.56
1082.28	3087.89
1080.38	2950.56
1078.47	2846.78
1076.57	2769
1074.67	2729.11
1072.76	2717.33
1070.86	2719.56
1068.95	2757.11
1067.05	2843.33
1065.14	2966.67
1063.24	3136.11
1061.33	3368
1059.42	3665.78
1057.51	3934.89
1055.6	4170.78
1053.7	4320
1051.79	4372.89
1049.88	4266.67
1047.97	4178.22
1046.06	3999.22
1044.14	3801.22
1042.23	3645.78
1040.32	3516.33
1038.41	3403
1036.5	3274
1034.58	3160.44
1032.67	3018.56
1030.75	2845.56
1028.84	2663.44
1026.92	2517
1025.01	2351.89
1023.09	2200.44
1021.17	2069.78
1019.26	1973.89
1017.34	1876.67
1015.42	1783.89
1013.5	1723.56
1011.58	1651.11
1009.66	1583
1007.74	1535.78
1005.82	1495.89
1003.9	1470
1001.98	1427.67
1000.06	1415
998.134	1391.67
996.212	1378.33
994.288	1364.67
992.364	1342.78
990.44	1340.78
988.515	1314.56
986.589	1314.44
984.663	1308
982.737	1299.67
980.81	1288.56
978.883	1290.67
976.955	1302.11
975.027	1284.11
973.098	1293.56
971.169	1290
969.239	1302.89
967.308	1299.56
965.378	1326.89
963.447	1338.78
961.516	1364.22
959.583	1390.67
957.65	1429
955.718	1455.44
953.784	1466.22
951.85	1469.44
949.916	1452.56
947.981	1433.89
946.045	1435.78
944.109	1412.89
942.173	1424.11
940.236	1431.78
938.298	1441.44
936.36	1442.89
934.422	1444.67
932.484	1458.11
930.544	1457.56
928.604	1471.33
926.664	1488.56
924.724	1514.44
922.782	1542.22
920.84	1555.89
918.898	1598.89
916.955	1641.22
915.012	1671.78
913.068	1740.44
911.124	1815.22
909.18	1912.33
907.235	2044.33
905.289	2192.22
903.343	2409.67
901.397	2710.89
899.45	3107.33
897.502	3683.67
895.554	4526.89
893.605	5642
891.657	7160.11
889.707	9007.56
887.758	10844.4
885.807	12282.7
883.856	12859.4
881.905	12273.9
879.953	10718.3
878.001	8790.11
876.048	6896.78
874.094	5458.44
872.14	4387.44
870.186	3604.56
868.232	3072.78
866.276	2691.56
864.321	2422.22
862.365	2238.67
860.408	2083.89
858.451	1975.89
856.493	1867.11
854.535	1797.78
852.576	1733.33
850.617	1696.78
848.658	1636.22
846.698	1619.78
844.737	1572.56
842.776	1554.22
840.814	1547.11
838.852	1510.33
836.89	1527
834.927	1530
832.963	1544.11
830.999	1564.33
829.035	1628.89
827.07	1758.33
825.105	1918.56
823.139	2186.33
821.172	2489.56
819.206	2641.22
817.238	2537.56
815.27	2289.67
813.301	1999.33
811.333	1800.78
809.363	1657.33
807.394	1554.78
805.424	1493.78
803.453	1460.78
801.482	1418.78
799.509	1399.44
797.538	1375.44
795.565	1350.67
793.592	1343.22
791.618	1324.89
789.643	1312.89
787.669	1301.22
785.693	1298.89
783.718	1288.89
781.742	1272
779.765	1266.11
777.788	1262
775.811	1258.11
773.832	1247.33
771.853	1250.22
769.875	1232.67
767.895	1223.44
765.915	1224.89
763.934	1212.33
761.953	1226.56
759.972	1215.56
757.99	1211.89
756.007	1211.56
754.024	1209.67
752.041	1208.44
750.056	1219.56
748.072	1209.89
746.087	1212.11
744.102	1210
742.116	1201.67
740.13	1207.56
738.143	1202
736.155	1196.33
734.167	1203.22
732.179	1205.33
730.19	1213.56
728.2	1199.89
726.21	1210
724.22	1202.89
722.229	1196.44
720.237	1198.33
718.246	1193.44
716.253	1204.33
714.26	1194.78
712.267	1207.67
710.273	1201.22
708.279	1201.33
706.284	1217.78
704.289	1204.89
702.293	1210.67
700.296	1219.67
698.3	1212
696.303	1197
694.305	1208.33
692.307	1216.33
690.307	1219.22
688.308	1208.33
686.309	1210.56
684.308	1212
682.308	1213.67
680.306	1222
678.304	1219.89
676.302	1221.67
674.3	1232.11
672.296	1220
670.293	1215.56
668.289	1224.11
666.284	1219.33
664.278	1215.44
662.273	1226
660.266	1222
658.26	1230.56
656.252	1230.33
654.244	1225.22
652.237	1238
650.227	1232.22
648.218	1238.33
646.209	1242.33
644.198	1233.44
642.188	1236.11
640.177	1242
638.165	1234.89
636.153	1243.33
634.14	1247.67
632.128	1245.22
630.113	1254
628.099	1248.33
626.085	1261.67
624.07	1266.78
622.054	1271.78
620.038	1259.33
618.021	1268.44
616.004	1270.33
613.986	1283.89
611.968	1279.44
609.949	1286.78
607.93	1290.78
605.911	1282
603.891	1291.44
601.87	1295.89
599.848	1285.11
597.827	1285.67
595.805	1280.89
593.782	1290.89
591.759	1281.22
589.735	1288.67
587.711	1275.89
585.687	1277.78
583.661	1267.11
581.636	1277.44
579.609	1272.44
577.583	1283.22
575.555	1279.33
573.527	1280.89
571.5	1279.67
569.471	1290.22
567.441	1281
565.412	1294.33
563.382	1287.89
561.351	1296.67
559.32	1289.56
557.289	1302
555.257	1310.22
553.223	1300.56
551.19	1303.44
549.157	1316.67
547.122	1314.33
545.088	1311.11
543.053	1326.89
541.017	1336.89
538.981	1329.33
536.943	1341.44
534.907	1353.56
532.869	1353.11
530.831	1368.22
528.792	1368.89
526.752	1385.89
524.713	1391.56
522.673	1399
520.632	1423.33
518.591	1424
516.549	1454.11
514.507	1467.56
512.464	1494.22
510.42	1504.89
508.377	1554.56
506.332	1563.33
504.288	1601.33
502.242	1633.67
500.196	1664.44
498.15	1701.44
496.104	1729.67
494.056	1764.89
492.008	1779.67
489.96	1806.78
487.911	1804.89
485.862	1798.44
483.812	1797.22
481.761	1801.67
479.71	1803.33
477.659	1815.78
475.607	1841.56
473.555	1858.11
471.502	1872.11
469.448	1922.33
467.395	1958.89
465.34	2020.22
463.285	2073.78
461.23	2128.33
459.174	2200.44
457.118	2270.89
455.061	2370.89
453.003	2453.67
450.945	2571.33
448.887	2688
446.828	2806.22
444.768	2937.44
442.708	3083.22
440.647	3170.22
438.587	3278.56
436.525	3337.56
434.463	3361
432.4	3348.56
430.337	3248
428.274	3114.22
426.21	2968.89
424.145	2779
422.079	2617.22
420.014	2464
417.948	2357.67
415.882	2238.11
413.814	2165.89
411.746	2103.11
409.679	2034.89
407.609	1976.22
405.54	1953.11
403.47	1921.33
401.401	1883.56
399.329	1874.67
397.258	1837.44
395.187	1834.67
393.114	1810.89
391.041	1794.22
388.968	1782.11
386.895	1773.44
384.82	1775
382.745	1791
380.67	1782.67
378.594	1771.44
376.517	1784
374.44	1759.56
372.363	1759.67
370.286	1742.33
368.207	1721.67
366.128	1715.33
364.049	1717.22
361.969	1693.11
359.888	1679.44
357.807	1664.78
355.725	1658.33
353.643	1671.11
351.561	1667.89
349.477	1677.78
347.394	1662.11
345.31	1656.33
343.226	1645.89
341.141	1658.11
339.055	1660.67
336.968	1659.67
334.882	1665.22
332.795	1651.33
330.707	1655.56
328.618	1667
326.53	1671.78
324.44	1676.11
322.351	1683.33
320.26	1677
318.17	1691.67
316.078	1694.89
313.987	1709.33
311.895	1709.89
309.802	1710.33
307.708	1716.89
305.614	1741.67
303.52	1746.78
301.425	1766.33
299.329	1774.33
297.233	1795.22
295.137	1795.56
293.039	1831.78
290.942	1835.89
288.844	1839.44
286.745	1854.56
284.647	1874.22
282.546	1877.22
280.446	1905.44
278.346	1889.56
276.245	1926.22
274.143	1925
272.041	1941.78
269.939	1958.33
267.835	1958.44
265.731	1951.22
263.627	1977.33
261.522	1980.44
259.417	1976.89
257.311	1997.44
255.204	1998.78
253.098	1984.67
250.99	2007
248.882	2012.44
246.774	1997.56
244.664	2033
242.555	2034.33
240.445	2049.78
238.334	2062.22
236.223	2065.89
234.112	2086.22
232	2096.89
229.888	2122.67
227.775	2147.33
225.661	2152.22
223.546	2153
221.431	2195.11
219.316	2219.78
217.201	2252.56
215.084	2264.11
212.967	2304.33
210.85	2297.78
208.732	2325.11
206.614	2375.89
204.495	2397.44
202.375	2390.89
200.256	2429.78
198.135	2464.78
196.014	2515.22
193.893	2522.67
191.771	2557.33
189.648	2580.22
187.525	2646
185.401	2672
183.277	2691.89
181.152	2746.22
179.027	2775.56
176.901	2833
174.775	2879
172.648	2920.56
170.521	2955.22
168.393	3030.44
166.265	3065.89
164.136	3112.44
162.007	3188.44
159.876	3270
157.746	3304.56
155.615	3401.22
153.483	3500.67
151.351	3593.67
149.219	3698.67
147.086	3798.11
144.952	3901.78
142.818	4022.11
140.684	4163.33
138.548	4330.89
136.413	4452.11
134.276	4625.78
132.139	4780.78
130.002	4964.33
127.864	5148.67
125.725	5378.89
123.587	5568.56
121.447	5745.22
119.307	6011.56
117.166	6209.33
115.026	6475.89
112.885	6681.56
110.743	6890
108.6	7082
106.456	7242
104.313	7268.89
102.169	7159.89
100.023	6888.22
97.8789	6475.44
95.7328	5973.78
93.5869	5278.78
91.4392	4648
89.2919	3965.89
87.1447	3322.56
84.9959	2767.78
