1.280000000000200089e+00
1.280000000000200089e+00
1.279999999999745341e+00
1.280000000000200089e+00
1.289999999999963620e+00
1.279999999999745341e+00
1.280000000000200089e+00
1.279999999999745341e+00
1.290000000000418368e+00
1.279999999999745341e+00
1.289999999999963620e+00
1.280000000000200089e+00
1.279999999999745341e+00
1.289999999999963620e+00
1.289999999999963620e+00
1.280000000000200089e+00
1.289999999999963620e+00
1.280000000000200089e+00
1.289999999999963620e+00
1.289999999999963620e+00
1.289999999999963620e+00
1.279999999999745341e+00
1.290000000000418368e+00
1.289999999999963620e+00
1.289999999999963620e+00
1.289999999999963620e+00
1.289999999999963620e+00
1.289999999999963620e+00
1.289999999999963620e+00
1.289999999999963620e+00
1.289999999999963620e+00
1.289999999999963620e+00
1.289999999999963620e+00
1.289999999999963620e+00
1.290000000000418368e+00
1.299999999999727152e+00
1.289999999999963620e+00
1.289999999999963620e+00
1.300000000000181899e+00
1.289999999999963620e+00
1.289999999999963620e+00
1.300000000000181899e+00
1.289999999999963620e+00
1.299999999999727152e+00
1.300000000000181899e+00
1.289999999999963620e+00
1.300000000000181899e+00
1.289999999999963620e+00
1.299999999999727152e+00
1.300000000000181899e+00
1.299999999999727152e+00
1.300000000000181899e+00
1.289999999999963620e+00
1.300000000000181899e+00
1.299999999999727152e+00
1.300000000000181899e+00
1.300000000000181899e+00
1.299999999999727152e+00
1.300000000000181899e+00
1.299999999999727152e+00
1.300000000000181899e+00
1.300000000000181899e+00
1.309999999999945430e+00
1.299999999999727152e+00
1.300000000000181899e+00
1.299999999999727152e+00
1.310000000000400178e+00
1.299999999999727152e+00
1.300000000000181899e+00
1.309999999999945430e+00
1.300000000000181899e+00
1.309999999999945430e+00
1.299999999999727152e+00
1.309999999999945430e+00
1.300000000000181899e+00
1.309999999999945430e+00
1.309999999999945430e+00
1.300000000000181899e+00
1.309999999999945430e+00
1.309999999999945430e+00
1.309999999999945430e+00
1.309999999999945430e+00
1.300000000000181899e+00
1.309999999999945430e+00
1.309999999999945430e+00
1.309999999999945430e+00
1.309999999999945430e+00
1.309999999999945430e+00
1.310000000000400178e+00
1.319999999999708962e+00
1.309999999999945430e+00
1.309999999999945430e+00
1.310000000000400178e+00
1.309999999999945430e+00
1.319999999999708962e+00
1.309999999999945430e+00
1.310000000000400178e+00
1.319999999999708962e+00
1.309999999999945430e+00
1.320000000000163709e+00
1.309999999999945430e+00
1.320000000000163709e+00
1.309999999999945430e+00
1.320000000000163709e+00
1.309999999999945430e+00
1.319999999999708962e+00
1.320000000000163709e+00
1.309999999999945430e+00
1.320000000000163709e+00
1.319999999999708962e+00
1.320000000000163709e+00
1.320000000000163709e+00
1.319999999999708962e+00
1.320000000000163709e+00
1.320000000000163709e+00
1.319999999999708962e+00
1.320000000000163709e+00
1.319999999999708962e+00
1.320000000000163709e+00
1.320000000000163709e+00
1.319999999999708962e+00
1.320000000000163709e+00
1.329999999999927240e+00
1.320000000000163709e+00
1.319999999999708962e+00
1.330000000000381988e+00
1.319999999999708962e+00
1.320000000000163709e+00
1.329999999999927240e+00
1.320000000000163709e+00
1.329999999999927240e+00
1.319999999999708962e+00
1.330000000000381988e+00
1.329999999999927240e+00
1.319999999999708962e+00
1.330000000000381988e+00
1.329999999999927240e+00
1.329999999999927240e+00
1.320000000000163709e+00
1.329999999999927240e+00
1.329999999999927240e+00
1.329999999999927240e+00
1.329999999999927240e+00
1.329999999999927240e+00
1.330000000000381988e+00
1.329999999999927240e+00
1.329999999999927240e+00
1.329999999999927240e+00
1.329999999999927240e+00
1.340000000000145519e+00
1.329999999999927240e+00
1.329999999999927240e+00
1.329999999999927240e+00
1.340000000000145519e+00
1.329999999999927240e+00
1.340000000000145519e+00
1.329999999999927240e+00
1.329999999999927240e+00
1.340000000000145519e+00
1.329999999999927240e+00
1.340000000000145519e+00
1.339999999999690772e+00
1.330000000000381988e+00
1.339999999999690772e+00
1.340000000000145519e+00
1.329999999999927240e+00
1.340000000000145519e+00
1.339999999999690772e+00
1.340000000000145519e+00
1.340000000000145519e+00
1.339999999999690772e+00
1.340000000000145519e+00
1.340000000000145519e+00
1.339999999999690772e+00
1.340000000000145519e+00
1.340000000000145519e+00
1.340000000000145519e+00
1.339999999999690772e+00
1.340000000000145519e+00
1.349999999999909051e+00
1.340000000000145519e+00
1.339999999999690772e+00
1.350000000000363798e+00
1.339999999999690772e+00
1.340000000000145519e+00
1.349999999999909051e+00
1.340000000000145519e+00
1.349999999999909051e+00
1.340000000000145519e+00
1.349999999999909051e+00
1.349999999999909051e+00
1.340000000000145519e+00
1.349999999999909051e+00
1.349999999999909051e+00
1.349999999999909051e+00
1.340000000000145519e+00
1.349999999999909051e+00
1.350000000000363798e+00
1.349999999999909051e+00
1.349999999999909051e+00
1.349999999999909051e+00
1.349999999999909051e+00
1.350000000000363798e+00
1.349999999999909051e+00
1.349999999999909051e+00
1.349999999999909051e+00
1.360000000000127329e+00
1.349999999999909051e+00
1.349999999999909051e+00
1.349999999999909051e+00
1.360000000000127329e+00
1.349999999999909051e+00
1.360000000000127329e+00
1.349999999999909051e+00
1.349999999999909051e+00
1.360000000000127329e+00
1.360000000000127329e+00
1.349999999999909051e+00
1.360000000000127329e+00
1.349999999999909051e+00
1.360000000000127329e+00
1.359999999999672582e+00
1.350000000000363798e+00
1.359999999999672582e+00
1.360000000000127329e+00
1.360000000000127329e+00
1.360000000000127329e+00
1.359999999999672582e+00
1.360000000000127329e+00
1.360000000000127329e+00
1.359999999999672582e+00
1.360000000000127329e+00
1.360000000000127329e+00
1.360000000000127329e+00
1.359999999999672582e+00
1.370000000000345608e+00
1.359999999999672582e+00
1.360000000000127329e+00
1.369999999999890861e+00
1.360000000000127329e+00
1.360000000000127329e+00
1.369999999999890861e+00
1.360000000000127329e+00
1.369999999999890861e+00
1.360000000000127329e+00
1.369999999999890861e+00
1.369999999999890861e+00
1.360000000000127329e+00
1.369999999999890861e+00
1.369999999999890861e+00
1.360000000000127329e+00
1.369999999999890861e+00
1.369999999999890861e+00
1.370000000000345608e+00
1.369999999999890861e+00
1.369999999999890861e+00
1.369999999999890861e+00
1.370000000000345608e+00
1.369999999999890861e+00
1.369999999999890861e+00
1.369999999999890861e+00
1.370000000000345608e+00
1.369999999999890861e+00
1.369999999999890861e+00
1.380000000000109139e+00
1.369999999999890861e+00
1.369999999999890861e+00
1.380000000000109139e+00
1.369999999999890861e+00
1.370000000000345608e+00
1.379999999999654392e+00
1.370000000000345608e+00
1.379999999999654392e+00
1.380000000000109139e+00
1.369999999999890861e+00
1.380000000000109139e+00
1.380000000000109139e+00
1.369999999999890861e+00
1.380000000000109139e+00
1.380000000000109139e+00
1.379999999999654392e+00
1.380000000000109139e+00
1.369999999999890861e+00
1.380000000000109139e+00
1.380000000000109139e+00
1.380000000000109139e+00
1.379999999999654392e+00
1.380000000000109139e+00
1.389999999999872671e+00
1.380000000000109139e+00
1.380000000000109139e+00
1.380000000000109139e+00
1.380000000000109139e+00
1.389999999999872671e+00
1.380000000000109139e+00
1.379999999999654392e+00
1.390000000000327418e+00
1.379999999999654392e+00
1.390000000000327418e+00
1.379999999999654392e+00
1.390000000000327418e+00
1.379999999999654392e+00
1.390000000000327418e+00
1.389999999999872671e+00
1.380000000000109139e+00
1.389999999999872671e+00
1.389999999999872671e+00
1.390000000000327418e+00
1.379999999999654392e+00
1.390000000000327418e+00
1.389999999999872671e+00
1.389999999999872671e+00
1.389999999999872671e+00
1.390000000000327418e+00
1.389999999999872671e+00
1.389999999999872671e+00
1.390000000000327418e+00
1.399999999999636202e+00
1.390000000000327418e+00
1.389999999999872671e+00
1.389999999999872671e+00
1.400000000000090949e+00
1.389999999999872671e+00
1.390000000000327418e+00
1.399999999999636202e+00
1.390000000000327418e+00
1.399999999999636202e+00
1.390000000000327418e+00
1.400000000000090949e+00
1.389999999999872671e+00
1.400000000000090949e+00
1.399999999999636202e+00
1.390000000000327418e+00
1.400000000000090949e+00
1.399999999999636202e+00
1.400000000000090949e+00
1.389999999999872671e+00
1.400000000000090949e+00
1.400000000000090949e+00
1.400000000000090949e+00
1.400000000000090949e+00
1.399999999999636202e+00
1.400000000000090949e+00
1.400000000000090949e+00
1.409999999999854481e+00
1.400000000000090949e+00
1.400000000000090949e+00
1.400000000000090949e+00
1.409999999999854481e+00
1.400000000000090949e+00
1.400000000000090949e+00
1.409999999999854481e+00
1.400000000000090949e+00
1.409999999999854481e+00
1.400000000000090949e+00
1.409999999999854481e+00
1.400000000000090949e+00
1.409999999999854481e+00
1.400000000000090949e+00
1.409999999999854481e+00
1.410000000000309228e+00
1.409999999999854481e+00
1.400000000000090949e+00
1.409999999999854481e+00
1.410000000000309228e+00
1.409999999999854481e+00
1.409999999999854481e+00
1.409999999999854481e+00
1.410000000000309228e+00
1.409999999999854481e+00
1.409999999999854481e+00
1.410000000000309228e+00
1.409999999999854481e+00
1.420000000000072760e+00
1.409999999999854481e+00
1.410000000000309228e+00
1.409999999999854481e+00
1.420000000000072760e+00
1.409999999999854481e+00
1.409999999999854481e+00
1.420000000000072760e+00
1.410000000000309228e+00
1.419999999999618012e+00
1.420000000000072760e+00
1.410000000000309228e+00
1.419999999999618012e+00
1.410000000000309228e+00
1.420000000000072760e+00
1.419999999999618012e+00
1.420000000000072760e+00
1.410000000000309228e+00
1.419999999999618012e+00
1.420000000000072760e+00
1.420000000000072760e+00
1.420000000000072760e+00
1.420000000000072760e+00
1.420000000000072760e+00
1.419999999999618012e+00
1.420000000000072760e+00
1.420000000000072760e+00
1.429999999999836291e+00
1.420000000000072760e+00
1.420000000000072760e+00
1.420000000000072760e+00
1.429999999999836291e+00
1.420000000000072760e+00
1.430000000000291038e+00
1.419999999999618012e+00
1.420000000000072760e+00
1.430000000000291038e+00
1.429999999999836291e+00
1.420000000000072760e+00
1.429999999999836291e+00
1.420000000000072760e+00
1.429999999999836291e+00
1.430000000000291038e+00
1.429999999999836291e+00
1.420000000000072760e+00
1.429999999999836291e+00
1.430000000000291038e+00
1.429999999999836291e+00
1.429999999999836291e+00
1.430000000000291038e+00
1.429999999999836291e+00
1.429999999999836291e+00
1.430000000000291038e+00
1.429999999999836291e+00
1.440000000000054570e+00
1.429999999999836291e+00
1.430000000000291038e+00
1.429999999999836291e+00
1.440000000000054570e+00
1.429999999999836291e+00
1.430000000000291038e+00
1.440000000000054570e+00
1.429999999999836291e+00
1.440000000000054570e+00
1.429999999999836291e+00
1.440000000000054570e+00
1.440000000000054570e+00
1.429999999999836291e+00
1.440000000000054570e+00
1.440000000000054570e+00
1.429999999999836291e+00
1.440000000000054570e+00
1.440000000000054570e+00
1.440000000000054570e+00
1.440000000000054570e+00
1.440000000000054570e+00
1.440000000000054570e+00
1.440000000000054570e+00
1.439999999999599822e+00
1.440000000000054570e+00
1.440000000000054570e+00
1.440000000000054570e+00
1.449999999999818101e+00
1.440000000000054570e+00
1.440000000000054570e+00
1.440000000000054570e+00
1.450000000000272848e+00
1.439999999999599822e+00
1.450000000000272848e+00
1.440000000000054570e+00
1.449999999999818101e+00
1.440000000000054570e+00
1.449999999999818101e+00
1.440000000000054570e+00
1.450000000000272848e+00
1.449999999999818101e+00
1.449999999999818101e+00
1.440000000000054570e+00
1.450000000000272848e+00
1.449999999999818101e+00
1.450000000000272848e+00
1.449999999999818101e+00
1.449999999999818101e+00
1.450000000000272848e+00
1.449999999999818101e+00
1.450000000000272848e+00
1.449999999999818101e+00
1.449999999999818101e+00
1.450000000000272848e+00
1.460000000000036380e+00
1.449999999999818101e+00
1.449999999999818101e+00
1.450000000000272848e+00
1.460000000000036380e+00
1.449999999999818101e+00
1.460000000000036380e+00
1.449999999999818101e+00
1.460000000000036380e+00
1.450000000000272848e+00
1.460000000000036380e+00
1.449999999999818101e+00
1.460000000000036380e+00
1.460000000000036380e+00
1.460000000000036380e+00
1.449999999999818101e+00
1.460000000000036380e+00
1.460000000000036380e+00
1.460000000000036380e+00
1.460000000000036380e+00
1.460000000000036380e+00
1.460000000000036380e+00
1.460000000000036380e+00
1.460000000000036380e+00
1.460000000000036380e+00
1.459999999999581632e+00
1.460000000000036380e+00
1.470000000000254659e+00
1.460000000000036380e+00
1.460000000000036380e+00
1.469999999999799911e+00
1.460000000000036380e+00
1.460000000000036380e+00
1.469999999999799911e+00
1.460000000000036380e+00
1.470000000000254659e+00
1.460000000000036380e+00
1.469999999999799911e+00
1.470000000000254659e+00
1.459999999999581632e+00
1.470000000000254659e+00
1.469999999999799911e+00
1.470000000000254659e+00
1.469999999999799911e+00
1.460000000000036380e+00
1.470000000000254659e+00
1.469999999999799911e+00
1.469999999999799911e+00
1.470000000000254659e+00
1.469999999999799911e+00
1.470000000000254659e+00
1.480000000000018190e+00
1.469999999999799911e+00
1.470000000000254659e+00
1.469999999999799911e+00
1.480000000000018190e+00
1.469999999999799911e+00
1.470000000000254659e+00
1.480000000000018190e+00
1.469999999999799911e+00
1.480000000000018190e+00
1.470000000000254659e+00
1.480000000000018190e+00
1.469999999999799911e+00
1.480000000000018190e+00
1.470000000000254659e+00
1.479999999999563443e+00
1.480000000000018190e+00
1.480000000000018190e+00
1.480000000000018190e+00
1.470000000000254659e+00
1.480000000000018190e+00
1.480000000000018190e+00
1.480000000000018190e+00
1.480000000000018190e+00
1.480000000000018190e+00
1.480000000000018190e+00
1.480000000000018190e+00
1.489999999999781721e+00
1.480000000000018190e+00
1.480000000000018190e+00
1.480000000000018190e+00
1.489999999999781721e+00
1.480000000000018190e+00
1.480000000000018190e+00
1.490000000000236469e+00
1.480000000000018190e+00
1.489999999999781721e+00
1.480000000000018190e+00
1.490000000000236469e+00
1.489999999999781721e+00
1.480000000000018190e+00
1.490000000000236469e+00
1.489999999999781721e+00
1.480000000000018190e+00
1.489999999999781721e+00
1.490000000000236469e+00
1.489999999999781721e+00
1.490000000000236469e+00
1.489999999999781721e+00
1.490000000000236469e+00
1.489999999999781721e+00
1.490000000000236469e+00
1.489999999999781721e+00
1.490000000000236469e+00
1.489999999999781721e+00
1.500000000000000000e+00
1.490000000000236469e+00
1.489999999999781721e+00
1.490000000000236469e+00
1.500000000000000000e+00
1.489999999999781721e+00
1.500000000000000000e+00
1.490000000000236469e+00
1.500000000000000000e+00
1.489999999999781721e+00
1.500000000000000000e+00
1.500000000000000000e+00
1.490000000000236469e+00
1.500000000000000000e+00
1.500000000000000000e+00
1.489999999999781721e+00
1.500000000000000000e+00
1.500000000000000000e+00
1.500000000000000000e+00
1.500000000000000000e+00
1.500000000000000000e+00
1.500000000000000000e+00
1.500000000000000000e+00
1.500000000000000000e+00
1.500000000000000000e+00
1.510000000000218279e+00
1.500000000000000000e+00
1.500000000000000000e+00
1.500000000000000000e+00
1.509999999999763531e+00
1.500000000000000000e+00
1.510000000000218279e+00
1.500000000000000000e+00
1.500000000000000000e+00
1.509999999999763531e+00
1.510000000000218279e+00
1.500000000000000000e+00
1.509999999999763531e+00
1.500000000000000000e+00
1.510000000000218279e+00
1.509999999999763531e+00
1.510000000000218279e+00
1.509999999999763531e+00
1.510000000000218279e+00
1.500000000000000000e+00
1.509999999999763531e+00
1.510000000000218279e+00
1.509999999999763531e+00
1.510000000000218279e+00
1.519999999999981810e+00
1.509999999999763531e+00
1.510000000000218279e+00
1.510000000000218279e+00
1.509999999999763531e+00
1.519999999999981810e+00
1.510000000000218279e+00
1.509999999999763531e+00
1.519999999999981810e+00
1.510000000000218279e+00
1.519999999999981810e+00
1.509999999999763531e+00
1.519999999999981810e+00
1.510000000000218279e+00
1.519999999999981810e+00
1.519999999999981810e+00
1.509999999999763531e+00
1.519999999999981810e+00
1.519999999999981810e+00
1.520000000000436557e+00
1.519999999999981810e+00
1.519999999999981810e+00
1.519999999999981810e+00
1.519999999999981810e+00
1.519999999999981810e+00
1.519999999999981810e+00
1.519999999999981810e+00
1.519999999999981810e+00
1.519999999999981810e+00
1.519999999999981810e+00
1.529999999999745341e+00
1.520000000000436557e+00
1.519999999999981810e+00
1.529999999999745341e+00
1.519999999999981810e+00
1.530000000000200089e+00
1.519999999999981810e+00
1.529999999999745341e+00
1.519999999999981810e+00
1.530000000000200089e+00
1.529999999999745341e+00
1.520000000000436557e+00
1.529999999999745341e+00
1.530000000000200089e+00
1.529999999999745341e+00
1.519999999999981810e+00
1.530000000000200089e+00
1.529999999999745341e+00
1.530000000000200089e+00
1.529999999999745341e+00
1.530000000000200089e+00
1.530000000000200089e+00
1.529999999999745341e+00
1.539999999999963620e+00
1.530000000000200089e+00
1.529999999999745341e+00
1.530000000000200089e+00
1.539999999999963620e+00
1.530000000000200089e+00
1.529999999999745341e+00
1.539999999999963620e+00
1.530000000000200089e+00
1.539999999999963620e+00
1.529999999999745341e+00
1.539999999999963620e+00
1.540000000000418368e+00
1.529999999999745341e+00
1.539999999999963620e+00
1.539999999999963620e+00
1.530000000000200089e+00
1.539999999999963620e+00
1.539999999999963620e+00
1.539999999999963620e+00
1.539999999999963620e+00
1.539999999999963620e+00
1.539999999999963620e+00
1.539999999999963620e+00
1.539999999999963620e+00
1.540000000000418368e+00
1.549999999999727152e+00
1.539999999999963620e+00
1.539999999999963620e+00
1.539999999999963620e+00
1.550000000000181899e+00
1.539999999999963620e+00
1.539999999999963620e+00
1.550000000000181899e+00
1.539999999999963620e+00
1.549999999999727152e+00
1.540000000000418368e+00
1.549999999999727152e+00
1.550000000000181899e+00
1.539999999999963620e+00
1.549999999999727152e+00
1.550000000000181899e+00
1.550000000000181899e+00
1.549999999999727152e+00
1.539999999999963620e+00
1.550000000000181899e+00
1.549999999999727152e+00
1.550000000000181899e+00
1.550000000000181899e+00
1.549999999999727152e+00
1.559999999999945430e+00
1.550000000000181899e+00
1.550000000000181899e+00
1.549999999999727152e+00
1.550000000000181899e+00
1.559999999999945430e+00
1.550000000000181899e+00
1.559999999999945430e+00
1.549999999999727152e+00
1.550000000000181899e+00
1.559999999999945430e+00
1.559999999999945430e+00
1.550000000000181899e+00
1.559999999999945430e+00
1.549999999999727152e+00
1.560000000000400178e+00
1.559999999999945430e+00
1.559999999999945430e+00
1.559999999999945430e+00
1.549999999999727152e+00
1.560000000000400178e+00
1.559999999999945430e+00
1.559999999999945430e+00
1.559999999999945430e+00
1.559999999999945430e+00
1.559999999999945430e+00
1.570000000000163709e+00
1.559999999999945430e+00
1.559999999999945430e+00
1.559999999999945430e+00
1.570000000000163709e+00
1.559999999999945430e+00
1.559999999999945430e+00
1.570000000000163709e+00
1.559999999999945430e+00
1.569999999999708962e+00
1.560000000000400178e+00
1.569999999999708962e+00
1.570000000000163709e+00
1.559999999999945430e+00
1.570000000000163709e+00
1.569999999999708962e+00
1.559999999999945430e+00
1.570000000000163709e+00
1.570000000000163709e+00
1.569999999999708962e+00
1.570000000000163709e+00
1.570000000000163709e+00
1.569999999999708962e+00
1.570000000000163709e+00
1.570000000000163709e+00
1.569999999999708962e+00
1.570000000000163709e+00
1.579999999999927240e+00
1.570000000000163709e+00
1.569999999999708962e+00
1.579999999999927240e+00
1.570000000000163709e+00
1.570000000000163709e+00
1.579999999999927240e+00
1.569999999999708962e+00
1.580000000000381988e+00
1.569999999999708962e+00
1.579999999999927240e+00
1.580000000000381988e+00
1.569999999999708962e+00
1.579999999999927240e+00
1.580000000000381988e+00
1.579999999999927240e+00
1.579999999999927240e+00
1.579999999999927240e+00
1.579999999999927240e+00
1.579999999999927240e+00
1.580000000000381988e+00
1.579999999999927240e+00
1.579999999999927240e+00
1.579999999999927240e+00
1.579999999999927240e+00
1.579999999999927240e+00
1.579999999999927240e+00
1.590000000000145519e+00
1.579999999999927240e+00
1.590000000000145519e+00
1.579999999999927240e+00
1.579999999999927240e+00
1.590000000000145519e+00
1.579999999999927240e+00
1.590000000000145519e+00
1.590000000000145519e+00
1.579999999999927240e+00
1.589999999999690772e+00
1.590000000000145519e+00
1.590000000000145519e+00
1.579999999999927240e+00
1.590000000000145519e+00
1.589999999999690772e+00
1.590000000000145519e+00
1.590000000000145519e+00
1.589999999999690772e+00
1.590000000000145519e+00
1.590000000000145519e+00
1.589999999999690772e+00
1.600000000000363798e+00
1.589999999999690772e+00
1.590000000000145519e+00
1.590000000000145519e+00
1.599999999999909051e+00
1.589999999999690772e+00
1.600000000000363798e+00
1.589999999999690772e+00
1.600000000000363798e+00
1.589999999999690772e+00
1.599999999999909051e+00
1.590000000000145519e+00
1.599999999999909051e+00
1.599999999999909051e+00
1.590000000000145519e+00
1.599999999999909051e+00
1.600000000000363798e+00
1.599999999999909051e+00
1.599999999999909051e+00
1.599999999999909051e+00
1.599999999999909051e+00
1.600000000000363798e+00
1.599999999999909051e+00
1.599999999999909051e+00
1.599999999999909051e+00
1.599999999999909051e+00
1.610000000000127329e+00
1.599999999999909051e+00
1.599999999999909051e+00
1.610000000000127329e+00
1.599999999999909051e+00
1.600000000000363798e+00
1.609999999999672582e+00
1.600000000000363798e+00
1.609999999999672582e+00
1.610000000000127329e+00
1.599999999999909051e+00
1.610000000000127329e+00
1.610000000000127329e+00
1.599999999999909051e+00
1.610000000000127329e+00
1.609999999999672582e+00
1.610000000000127329e+00
1.610000000000127329e+00
1.609999999999672582e+00
1.610000000000127329e+00
1.610000000000127329e+00
1.610000000000127329e+00
1.609999999999672582e+00
1.610000000000127329e+00
1.610000000000127329e+00
1.619999999999890861e+00
1.610000000000127329e+00
1.609999999999672582e+00
1.620000000000345608e+00
1.609999999999672582e+00
1.620000000000345608e+00
1.609999999999672582e+00
1.620000000000345608e+00
1.609999999999672582e+00
1.620000000000345608e+00
1.609999999999672582e+00
1.619999999999890861e+00
1.620000000000345608e+00
1.619999999999890861e+00
1.610000000000127329e+00
1.619999999999890861e+00
1.619999999999890861e+00
1.619999999999890861e+00
1.620000000000345608e+00
1.619999999999890861e+00
1.619999999999890861e+00
1.619999999999890861e+00
1.630000000000109139e+00
1.619999999999890861e+00
1.620000000000345608e+00
1.619999999999890861e+00
1.630000000000109139e+00
1.619999999999890861e+00
1.619999999999890861e+00
1.630000000000109139e+00
1.619999999999890861e+00
1.630000000000109139e+00
1.619999999999890861e+00
1.630000000000109139e+00
1.630000000000109139e+00
1.619999999999890861e+00
1.630000000000109139e+00
1.629999999999654392e+00
1.630000000000109139e+00
1.619999999999890861e+00
1.630000000000109139e+00
1.630000000000109139e+00
1.630000000000109139e+00
1.629999999999654392e+00
1.630000000000109139e+00
1.630000000000109139e+00
1.630000000000109139e+00
1.639999999999872671e+00
1.630000000000109139e+00
1.629999999999654392e+00
1.630000000000109139e+00
1.640000000000327418e+00
1.629999999999654392e+00
1.630000000000109139e+00
1.639999999999872671e+00
1.630000000000109139e+00
1.639999999999872671e+00
1.640000000000327418e+00
1.629999999999654392e+00
1.640000000000327418e+00
1.639999999999872671e+00
1.630000000000109139e+00
1.639999999999872671e+00
1.639999999999872671e+00
1.640000000000327418e+00
1.639999999999872671e+00
1.639999999999872671e+00
1.639999999999872671e+00
1.640000000000327418e+00
1.639999999999872671e+00
1.639999999999872671e+00
1.640000000000327418e+00
1.639999999999872671e+00
1.650000000000090949e+00
1.639999999999872671e+00
1.639999999999872671e+00
1.650000000000090949e+00
1.639999999999872671e+00
1.640000000000327418e+00
1.649999999999636202e+00
1.640000000000327418e+00
1.649999999999636202e+00
1.650000000000090949e+00
1.639999999999872671e+00
1.650000000000090949e+00
1.650000000000090949e+00
1.650000000000090949e+00
1.639999999999872671e+00
1.650000000000090949e+00
1.650000000000090949e+00
1.650000000000090949e+00
1.649999999999636202e+00
1.650000000000090949e+00
1.650000000000090949e+00
1.650000000000090949e+00
1.650000000000090949e+00
1.659999999999854481e+00
1.650000000000090949e+00
1.649999999999636202e+00
1.660000000000309228e+00
1.650000000000090949e+00
1.649999999999636202e+00
1.660000000000309228e+00
1.650000000000090949e+00
1.659999999999854481e+00
1.650000000000090949e+00
1.659999999999854481e+00
1.659999999999854481e+00
1.650000000000090949e+00
1.659999999999854481e+00
1.660000000000309228e+00
1.659999999999854481e+00
1.659999999999854481e+00
1.650000000000090949e+00
1.659999999999854481e+00
1.660000000000309228e+00
1.659999999999854481e+00
1.670000000000072760e+00
1.660000000000081855e+00
1.659999999999854481e+00
1.660000000000081855e+00
1.659999999999854481e+00
1.660000000000081855e+00
1.670000000000072760e+00
1.659999999999854481e+00
1.670000000000072760e+00
1.660000000000081855e+00
1.669999999999845386e+00
1.660000000000081855e+00
1.670000000000072760e+00
1.659999999999854481e+00
1.670000000000072760e+00
1.670000000000072760e+00
1.659999999999854481e+00
1.670000000000072760e+00
1.670000000000072760e+00
1.669999999999845386e+00
1.670000000000072760e+00
1.670000000000072760e+00
1.669999999999845386e+00
1.670000000000072760e+00
1.670000000000072760e+00
1.670000000000072760e+00
1.669999999999845386e+00
1.670000000000072760e+00
1.680000000000063665e+00
1.669999999999845386e+00
1.670000000000072760e+00
1.680000000000063665e+00
1.669999999999845386e+00
1.670000000000072760e+00
1.680000000000063665e+00
1.669999999999845386e+00
1.680000000000063665e+00
1.680000000000063665e+00
1.670000000000072760e+00
1.679999999999836291e+00
1.680000000000063665e+00
1.680000000000063665e+00
1.669999999999845386e+00
1.680000000000063665e+00
1.680000000000063665e+00
1.680000000000063665e+00
1.679999999999836291e+00
1.680000000000063665e+00
1.680000000000063665e+00
1.689999999999827196e+00
1.680000000000063665e+00
1.680000000000063665e+00
1.680000000000063665e+00
1.679999999999836291e+00
1.690000000000054570e+00
1.680000000000063665e+00
1.690000000000054570e+00
1.679999999999836291e+00
1.690000000000054570e+00
1.680000000000063665e+00
1.690000000000054570e+00
1.679999999999836291e+00
1.690000000000054570e+00
1.690000000000054570e+00
1.690000000000054570e+00
1.679999999999836291e+00
1.690000000000054570e+00
1.690000000000054570e+00
1.690000000000054570e+00
1.689999999999827196e+00
1.690000000000054570e+00
1.690000000000054570e+00
1.690000000000054570e+00
1.689999999999827196e+00
1.700000000000045475e+00
1.690000000000054570e+00
1.690000000000054570e+00
1.689999999999827196e+00
1.700000000000045475e+00
1.690000000000054570e+00
1.700000000000045475e+00
1.690000000000054570e+00
1.699999999999818101e+00
1.690000000000054570e+00
1.700000000000045475e+00
1.690000000000054570e+00
1.699999999999818101e+00
1.700000000000045475e+00
1.700000000000045475e+00
1.690000000000054570e+00
1.700000000000045475e+00
1.699999999999818101e+00
1.700000000000045475e+00
1.700000000000045475e+00
1.700000000000045475e+00
1.700000000000045475e+00
1.699999999999818101e+00
1.710000000000036380e+00
1.700000000000045475e+00
1.700000000000045475e+00
1.700000000000045475e+00
1.710000000000036380e+00
1.699999999999818101e+00
1.710000000000036380e+00
1.700000000000045475e+00
1.710000000000036380e+00
1.700000000000045475e+00
1.709999999999809006e+00
1.700000000000045475e+00
1.710000000000036380e+00
1.710000000000036380e+00
1.700000000000045475e+00
1.710000000000036380e+00
1.709999999999809006e+00
1.710000000000036380e+00
1.710000000000036380e+00
1.710000000000036380e+00
1.710000000000036380e+00
1.710000000000036380e+00
1.709999999999809006e+00
1.710000000000036380e+00
1.720000000000027285e+00
1.710000000000036380e+00
1.710000000000036380e+00
1.710000000000036380e+00
1.720000000000027285e+00
1.709999999999809006e+00
1.720000000000027285e+00
1.710000000000036380e+00
1.720000000000027285e+00
1.710000000000036380e+00
1.720000000000027285e+00
1.710000000000036380e+00
1.719999999999799911e+00
1.720000000000027285e+00
1.720000000000027285e+00
1.720000000000027285e+00
1.710000000000036380e+00
1.720000000000027285e+00
1.720000000000027285e+00
1.720000000000027285e+00
1.719999999999799911e+00
1.730000000000018190e+00
1.720000000000027285e+00
1.720000000000027285e+00
1.720000000000027285e+00
1.720000000000027285e+00
1.730000000000018190e+00
1.720000000000027285e+00
1.720000000000027285e+00
1.729999999999790816e+00
1.720000000000027285e+00
1.730000000000018190e+00
1.720000000000027285e+00
1.730000000000018190e+00
1.730000000000018190e+00
1.720000000000027285e+00
1.730000000000018190e+00
1.730000000000018190e+00
1.730000000000018190e+00
1.730000000000018190e+00
1.729999999999790816e+00
1.720000000000027285e+00
1.730000000000018190e+00
1.740000000000009095e+00
1.730000000000018190e+00
1.730000000000018190e+00
1.730000000000018190e+00
1.730000000000018190e+00
1.730000000000018190e+00
1.740000000000009095e+00
1.730000000000018190e+00
1.730000000000018190e+00
1.740000000000009095e+00
1.730000000000018190e+00
1.739999999999781721e+00
1.730000000000018190e+00
1.740000000000009095e+00
1.740000000000009095e+00
1.730000000000018190e+00
1.740000000000009095e+00
1.740000000000009095e+00
1.740000000000009095e+00
1.740000000000009095e+00
1.740000000000009095e+00
1.740000000000009095e+00
1.740000000000009095e+00
1.740000000000009095e+00
1.740000000000009095e+00
1.740000000000009095e+00
1.740000000000009095e+00
1.740000000000009095e+00
1.740000000000009095e+00
1.750000000000000000e+00
1.740000000000009095e+00
1.740000000000009095e+00
1.750000000000000000e+00
1.740000000000009095e+00
1.750000000000000000e+00
1.740000000000009095e+00
1.750000000000000000e+00
1.750000000000000000e+00
1.740000000000009095e+00
1.750000000000000000e+00
1.750000000000000000e+00
1.750000000000000000e+00
1.750000000000000000e+00
1.750000000000000000e+00
1.750000000000000000e+00
1.750000000000000000e+00
1.750000000000000000e+00
1.750000000000000000e+00
1.750000000000000000e+00
1.750000000000000000e+00
1.750000000000000000e+00
1.759999999999990905e+00
1.750000000000000000e+00
1.750000000000000000e+00
1.759999999999990905e+00
1.750000000000000000e+00
1.759999999999990905e+00
1.750000000000000000e+00
1.759999999999990905e+00
1.750000000000000000e+00
1.759999999999990905e+00
1.759999999999990905e+00
1.750000000000000000e+00
1.759999999999990905e+00
1.759999999999990905e+00
1.759999999999990905e+00
1.759999999999990905e+00
1.759999999999990905e+00
1.759999999999990905e+00
1.759999999999990905e+00
1.759999999999990905e+00
1.759999999999990905e+00
1.759999999999990905e+00
1.759999999999990905e+00
1.769999999999981810e+00
1.759999999999990905e+00
1.759999999999990905e+00
1.769999999999981810e+00
1.759999999999990905e+00
1.770000000000209184e+00
1.759999999999990905e+00
1.769999999999981810e+00
1.769999999999981810e+00
1.759999999999990905e+00
1.769999999999981810e+00
1.769999999999981810e+00
1.759999999999990905e+00
1.769999999999981810e+00
1.769999999999981810e+00
1.769999999999981810e+00
1.769999999999981810e+00
1.769999999999981810e+00
1.769999999999981810e+00
1.770000000000209184e+00
1.779999999999972715e+00
1.769999999999981810e+00
1.769999999999981810e+00
1.769999999999981810e+00
1.779999999999972715e+00
1.769999999999981810e+00
1.769999999999981810e+00
1.779999999999972715e+00
1.769999999999981810e+00
1.780000000000200089e+00
1.779999999999972715e+00
1.769999999999981810e+00
1.779999999999972715e+00
1.779999999999972715e+00
1.769999999999981810e+00
1.779999999999972715e+00
1.779999999999972715e+00
1.779999999999972715e+00
1.780000000000200089e+00
1.779999999999972715e+00
1.779999999999972715e+00
1.779999999999972715e+00
1.779999999999972715e+00
1.779999999999972715e+00
1.789999999999963620e+00
1.779999999999972715e+00
1.780000000000200089e+00
1.789999999999963620e+00
1.779999999999972715e+00
1.779999999999972715e+00
1.789999999999963620e+00
1.779999999999972715e+00
1.789999999999963620e+00
1.790000000000190994e+00
1.779999999999972715e+00
1.789999999999963620e+00
1.789999999999963620e+00
1.789999999999963620e+00
1.779999999999972715e+00
1.789999999999963620e+00
1.790000000000190994e+00
1.789999999999963620e+00
1.789999999999963620e+00
1.789999999999963620e+00
1.789999999999963620e+00
1.799999999999954525e+00
1.790000000000190994e+00
1.789999999999963620e+00
1.789999999999963620e+00
1.799999999999954525e+00
1.789999999999963620e+00
1.789999999999963620e+00
1.800000000000181899e+00
1.789999999999963620e+00
1.799999999999954525e+00
1.799999999999954525e+00
1.789999999999963620e+00
1.800000000000181899e+00
1.799999999999954525e+00
1.789999999999963620e+00
1.799999999999954525e+00
1.799999999999954525e+00
1.799999999999954525e+00
1.800000000000181899e+00
1.799999999999954525e+00
1.799999999999954525e+00
1.799999999999954525e+00
1.799999999999954525e+00
1.800000000000181899e+00
1.809999999999945430e+00
1.799999999999954525e+00
1.799999999999954525e+00
1.810000000000172804e+00
1.799999999999954525e+00
1.809999999999945430e+00
1.799999999999954525e+00
1.809999999999945430e+00
1.800000000000181899e+00
1.809999999999945430e+00
1.799999999999954525e+00
1.809999999999945430e+00
1.810000000000172804e+00
1.809999999999945430e+00
1.809999999999945430e+00
1.809999999999945430e+00
1.810000000000172804e+00
1.809999999999945430e+00
1.809999999999945430e+00
1.809999999999945430e+00
1.809999999999945430e+00
1.810000000000172804e+00
1.809999999999945430e+00
1.809999999999945430e+00
1.819999999999936335e+00
1.810000000000172804e+00
1.809999999999945430e+00
1.819999999999936335e+00
1.809999999999945430e+00
1.820000000000163709e+00
1.819999999999936335e+00
1.809999999999945430e+00
1.820000000000163709e+00
1.819999999999936335e+00
1.809999999999945430e+00
1.819999999999936335e+00
1.820000000000163709e+00
1.819999999999936335e+00
1.819999999999936335e+00
1.819999999999936335e+00
1.820000000000163709e+00
1.819999999999936335e+00
1.819999999999936335e+00
1.820000000000163709e+00
1.819999999999936335e+00
1.829999999999927240e+00
1.819999999999936335e+00
1.820000000000163709e+00
1.829999999999927240e+00
1.819999999999936335e+00
1.830000000000154614e+00
1.819999999999936335e+00
1.829999999999927240e+00
1.820000000000163709e+00
1.829999999999927240e+00
1.829999999999927240e+00
1.830000000000154614e+00
1.819999999999936335e+00
1.829999999999927240e+00
1.829999999999927240e+00
1.830000000000154614e+00
1.829999999999927240e+00
1.829999999999927240e+00
1.830000000000154614e+00
1.829999999999927240e+00
1.829999999999927240e+00
1.840000000000145519e+00
1.829999999999927240e+00
1.829999999999927240e+00
1.840000000000145519e+00
1.829999999999927240e+00
1.829999999999927240e+00
1.840000000000145519e+00
1.839999999999918145e+00
1.829999999999927240e+00
1.840000000000145519e+00
1.829999999999927240e+00
1.839999999999918145e+00
1.840000000000145519e+00
1.839999999999918145e+00
1.840000000000145519e+00
1.829999999999927240e+00
1.839999999999918145e+00
1.840000000000145519e+00
1.839999999999918145e+00
1.849999999999909051e+00
1.840000000000145519e+00
1.839999999999918145e+00
1.839999999999918145e+00
1.840000000000145519e+00
1.849999999999909051e+00
1.840000000000145519e+00
1.839999999999918145e+00
1.849999999999909051e+00
1.840000000000145519e+00
1.849999999999909051e+00
1.839999999999918145e+00
1.850000000000136424e+00
1.849999999999909051e+00
1.840000000000145519e+00
1.849999999999909051e+00
1.849999999999909051e+00
1.850000000000136424e+00
1.849999999999909051e+00
1.850000000000136424e+00
1.849999999999909051e+00
1.849999999999909051e+00
1.850000000000136424e+00
1.849999999999909051e+00
1.850000000000136424e+00
1.849999999999909051e+00
1.859999999999899956e+00
1.850000000000136424e+00
1.849999999999909051e+00
1.860000000000127329e+00
1.849999999999909051e+00
1.859999999999899956e+00
1.850000000000136424e+00
1.859999999999899956e+00
1.860000000000127329e+00
1.849999999999909051e+00
1.860000000000127329e+00
1.859999999999899956e+00
1.859999999999899956e+00
1.860000000000127329e+00
1.859999999999899956e+00
1.850000000000136424e+00
1.859999999999899956e+00
1.870000000000118234e+00
1.859999999999899956e+00
1.860000000000127329e+00
1.859999999999899956e+00
1.859999999999899956e+00
1.870000000000118234e+00
1.859999999999899956e+00
1.860000000000127329e+00
1.869999999999890861e+00
1.860000000000127329e+00
1.869999999999890861e+00
1.860000000000127329e+00
1.869999999999890861e+00
1.870000000000118234e+00
1.859999999999899956e+00
1.870000000000118234e+00
1.869999999999890861e+00
1.869999999999890861e+00
1.870000000000118234e+00
1.869999999999890861e+00
1.860000000000127329e+00
1.879999999999881766e+00
1.870000000000118234e+00
1.869999999999890861e+00
1.870000000000118234e+00
1.869999999999890861e+00
1.870000000000118234e+00
1.879999999999881766e+00
1.870000000000118234e+00
1.869999999999890861e+00
1.880000000000109139e+00
1.869999999999890861e+00
1.880000000000109139e+00
1.879999999999881766e+00
1.870000000000118234e+00
1.879999999999881766e+00
1.880000000000109139e+00
1.869999999999890861e+00
1.880000000000109139e+00
1.879999999999881766e+00
1.880000000000109139e+00
1.879999999999881766e+00
1.880000000000109139e+00
1.879999999999881766e+00
1.880000000000109139e+00
1.879999999999881766e+00
1.880000000000109139e+00
1.890000000000100044e+00
1.879999999999881766e+00
1.880000000000109139e+00
1.889999999999872671e+00
1.880000000000109139e+00
1.889999999999872671e+00
1.880000000000109139e+00
1.889999999999872671e+00
1.880000000000109139e+00
1.889999999999872671e+00
1.890000000000100044e+00
1.890000000000100044e+00
1.879999999999881766e+00
1.890000000000100044e+00
1.889999999999872671e+00
1.890000000000100044e+00
1.889999999999872671e+00
1.890000000000100044e+00
1.889999999999872671e+00
1.890000000000100044e+00
1.890000000000100044e+00
1.899999999999863576e+00
1.890000000000100044e+00
1.889999999999872671e+00
1.900000000000090949e+00
1.889999999999872671e+00
1.900000000000090949e+00
1.890000000000100044e+00
1.899999999999863576e+00
1.890000000000100044e+00
1.899999999999863576e+00
1.900000000000090949e+00
1.889999999999872671e+00
1.900000000000090949e+00
1.900000000000090949e+00
1.899999999999863576e+00
1.900000000000090949e+00
1.899999999999863576e+00
1.900000000000090949e+00
1.900000000000090949e+00
1.899999999999863576e+00
1.900000000000090949e+00
1.899999999999863576e+00
1.910000000000081855e+00
1.900000000000090949e+00
1.899999999999863576e+00
1.910000000000081855e+00
1.900000000000090949e+00
1.909999999999854481e+00
1.900000000000090949e+00
1.909999999999854481e+00
1.900000000000090949e+00
1.910000000000081855e+00
1.909999999999854481e+00
1.910000000000081855e+00
1.910000000000081855e+00
1.899999999999863576e+00
1.910000000000081855e+00
1.909999999999854481e+00
1.910000000000081855e+00
1.910000000000081855e+00
1.919999999999845386e+00
1.910000000000081855e+00
1.910000000000081855e+00
1.909999999999854481e+00
1.910000000000081855e+00
1.920000000000072760e+00
1.909999999999854481e+00
1.920000000000072760e+00
1.910000000000081855e+00
1.919999999999845386e+00
1.910000000000081855e+00
1.919999999999959073e+00
1.920000000000072760e+00
1.909999999999968168e+00
1.919999999999959073e+00
1.920000000000072760e+00
1.919999999999959073e+00
1.919999999999959073e+00
1.920000000000072760e+00
1.919999999999959073e+00
1.919999999999959073e+00
1.920000000000072760e+00
1.919999999999959073e+00
1.920000000000072760e+00
1.925999999999930878e+00
1.922000000000025466e+00
1.923999999999978172e+00
1.923999999999978172e+00
1.923999999999978172e+00
1.925000000000068212e+00
1.925999999999930878e+00
1.926000000000044565e+00
1.926000000000044565e+00
1.927000000000020918e+00
1.926999999999907232e+00
1.927999999999997272e+00
1.927999999999997272e+00
1.929000000000087311e+00
1.928999999999973625e+00
1.929999999999949978e+00
1.931000000000040018e+00
1.929999999999949978e+00
1.931000000000040018e+00
1.931000000000040018e+00
1.932999999999992724e+00
1.932999999999992724e+00
1.932000000000016371e+00
1.933999999999969077e+00
1.933999999999969077e+00
1.933999999999969077e+00
1.935000000000059117e+00
1.936000000000035470e+00
1.935999999999921783e+00
1.936000000000035470e+00
1.937000000000011823e+00
1.937999999999988177e+00
1.937999999999988177e+00
1.937999999999988177e+00
1.937999999999988177e+00
1.940000000000054570e+00
1.939999999999940883e+00
1.940000000000054570e+00
1.939999999999940883e+00
1.942000000000007276e+00
1.942000000000007276e+00
1.942000000000007276e+00
1.942999999999983629e+00
1.943000000000097316e+00
1.943999999999959982e+00
1.943999999999959982e+00
1.944000000000073669e+00
1.944999999999936335e+00
1.946000000000026375e+00
1.946000000000026375e+00
1.945999999999912689e+00
1.947000000000002728e+00
1.948000000000092768e+00
1.947999999999979082e+00
1.948999999999955435e+00
1.947999999999979082e+00
1.950000000000045475e+00
1.948999999999955435e+00
1.951000000000021828e+00
1.951000000000021828e+00
1.951000000000021828e+00
1.951999999999998181e+00
1.951999999999998181e+00
1.952999999999974534e+00
1.953999999999950887e+00
1.954000000000064574e+00
1.953999999999950887e+00
1.954000000000064574e+00
1.956000000000017280e+00
1.954999999999927240e+00
1.956000000000017280e+00
1.956999999999993634e+00
1.956999999999993634e+00
1.957999999999969987e+00
1.958000000000083674e+00
1.958999999999946340e+00
1.959000000000060027e+00
1.958999999999946340e+00
1.960000000000036380e+00
1.961000000000012733e+00
1.961000000000012733e+00
1.961999999999989086e+00
1.961999999999989086e+00
1.961999999999989086e+00
1.962999999999965439e+00
1.964000000000055479e+00
1.963999999999941792e+00
1.964000000000055479e+00
1.964999999999918145e+00
1.965000000000031832e+00
1.966000000000008185e+00
1.966999999999984539e+00
1.966000000000008185e+00
1.967999999999960892e+00
1.968000000000074579e+00
1.968999999999937245e+00
1.968000000000074579e+00
1.969999999999913598e+00
1.969000000000050932e+00
1.970000000000027285e+00
1.971000000000003638e+00
1.971000000000003638e+00
1.972999999999956344e+00
1.971000000000003638e+00
1.972999999999956344e+00
1.973000000000070031e+00
1.973999999999932697e+00
1.975000000000022737e+00
1.974000000000046384e+00
1.975999999999999091e+00
1.975000000000022737e+00
1.975999999999999091e+00
1.976999999999975444e+00
1.976999999999975444e+00
1.976999999999975444e+00
1.979000000000041837e+00
1.979000000000041837e+00
1.977999999999951797e+00
1.980000000000018190e+00
1.980000000000018190e+00
1.980999999999994543e+00
1.980999999999994543e+00
1.980999999999994543e+00
1.981999999999970896e+00
1.983000000000060936e+00
1.982999999999947249e+00
1.982999999999947249e+00
1.985000000000013642e+00
1.984000000000037289e+00
1.985000000000013642e+00
1.985000000000013642e+00
1.985999999999989996e+00
1.985999999999989996e+00
1.986999999999966349e+00
1.988000000000056389e+00
1.987999999999942702e+00
1.988000000000056389e+00
1.988999999999919055e+00
1.990000000000009095e+00
1.990000000000009095e+00
1.990000000000009095e+00
1.990999999999985448e+00
1.992000000000075488e+00
1.990999999999985448e+00
1.992999999999938154e+00
1.993000000000051841e+00
1.992999999999938154e+00
1.994000000000028194e+00
1.994000000000028194e+00
1.995000000000004547e+00
1.995000000000004547e+00
1.995999999999980901e+00
1.996999999999957254e+00
1.996000000000094587e+00
1.996999999999957254e+00
1.998000000000047294e+00
1.997999999999933607e+00
2.000000000000000000e+00
1.999000000000023647e+00
1.999000000000023647e+00
2.000999999999976353e+00
2.000000000000000000e+00
2.001999999999952706e+00
2.002000000000066393e+00
2.001999999999952706e+00
2.002000000000066393e+00
2.003999999999905413e+00
2.003000000000042746e+00
2.004000000000019099e+00
2.004999999999995453e+00
2.005999999999971806e+00
2.004999999999995453e+00
2.007000000000061846e+00
2.005999999999971806e+00
2.008000000000038199e+00
2.007999999999924512e+00
2.007000000000061846e+00
2.009999999999990905e+00
2.009000000000014552e+00
2.009000000000014552e+00
2.010999999999967258e+00
2.009999999999990905e+00
2.010999999999967258e+00
2.012000000000057298e+00
2.011999999999943611e+00
2.013000000000033651e+00
2.011999999999943611e+00
2.014999999999986358e+00
2.014000000000010004e+00
2.014000000000010004e+00
2.014999999999986358e+00
2.016000000000076398e+00
2.015999999999962711e+00
2.017000000000052751e+00
2.016999999999939064e+00
2.018000000000029104e+00
2.018000000000029104e+00
2.019000000000005457e+00
2.019000000000005457e+00
2.019000000000005457e+00
2.019999999999981810e+00
2.020999999999958163e+00
2.022000000000048203e+00
2.020999999999958163e+00
2.022000000000048203e+00
2.022999999999910870e+00
2.023000000000024556e+00
2.024000000000000909e+00
2.024000000000000909e+00
2.024000000000000909e+00
2.026000000000067303e+00
2.024999999999977263e+00
2.026999999999929969e+00
2.026000000000067303e+00
2.028000000000020009e+00
2.027999999999906322e+00
2.027000000000043656e+00
2.028999999999996362e+00
2.029999999999972715e+00
2.028999999999996362e+00
2.030000000000086402e+00
2.030999999999949068e+00
2.030999999999949068e+00
2.031000000000062755e+00
2.032000000000039108e+00
2.033999999999991815e+00
2.032999999999901775e+00
2.033000000000015461e+00
2.035000000000081855e+00
2.033999999999991815e+00
2.034999999999968168e+00
2.035999999999944521e+00
2.036000000000058208e+00
2.038000000000010914e+00
2.035999999999944521e+00
2.038000000000010914e+00
2.038000000000010914e+00
2.038999999999987267e+00
2.040000000000077307e+00
2.038999999999987267e+00
2.039999999999963620e+00
2.041000000000053660e+00
2.040999999999939973e+00
2.042000000000030013e+00
2.042000000000030013e+00
2.042999999999892680e+00
2.044000000000039563e+00
2.043000000000006366e+00
2.045000000000015916e+00
2.043999999999982720e+00
2.045999999999992269e+00
2.045999999999992269e+00
2.046000000000049113e+00
2.045999999999992269e+00
2.048000000000001819e+00
2.048000000000001819e+00
2.048000000000001819e+00
2.048999999999978172e+00
2.048999999999978172e+00
2.050000000000011369e+00
2.050999999999987722e+00
2.051000000000044565e+00
2.050999999999987722e+00
2.051999999999964075e+00
2.052000000000020918e+00
2.052999999999997272e+00
2.054000000000030468e+00
2.052999999999997272e+00
2.055000000000006821e+00
2.054999999999949978e+00
2.055000000000006821e+00
2.056000000000040018e+00
2.055999999999983174e+00
2.057000000000016371e+00
2.057999999999992724e+00
2.057999999999992724e+00
2.057999999999992724e+00
2.059000000000025921e+00
2.060000000000002274e+00
2.059999999999945430e+00
2.061000000000035470e+00
2.060000000000002274e+00
2.062000000000011823e+00
2.061999999999954980e+00
2.063000000000045020e+00
2.062999999999988177e+00
2.062999999999988177e+00
2.064000000000021373e+00
2.064999999999997726e+00
2.065999999999974079e+00
2.064999999999997726e+00
2.066000000000030923e+00
2.065999999999974079e+00
2.067999999999983629e+00
2.068000000000040473e+00
2.067000000000007276e+00
2.069999999999993179e+00
2.068999999999959982e+00
2.069999999999993179e+00
2.069000000000016826e+00
2.072000000000002728e+00
2.071000000000026375e+00
2.070999999999969532e+00
2.073000000000035925e+00
2.072999999999979082e+00
2.072999999999979082e+00
2.073000000000035925e+00
2.074999999999988631e+00
2.074999999999988631e+00
2.074999999999988631e+00
2.076000000000021828e+00
2.076999999999998181e+00
2.076999999999998181e+00
2.076999999999998181e+00
2.076999999999998181e+00
2.079000000000007731e+00
2.079000000000007731e+00
2.079000000000007731e+00
2.079999999999984084e+00
2.081000000000017280e+00
2.080999999999960437e+00
2.081999999999993634e+00
2.082000000000050477e+00
2.081999999999993634e+00
2.084000000000003183e+00
2.082999999999969987e+00
2.084000000000003183e+00
2.084000000000003183e+00
2.084999999999979536e+00
2.086000000000012733e+00
2.086999999999989086e+00
2.086000000000012733e+00
2.086999999999989086e+00
2.088000000000022283e+00
2.088999999999998636e+00
2.088000000000022283e+00
2.089999999999974989e+00
2.088999999999998636e+00
2.091000000000008185e+00
2.089999999999974989e+00
2.092000000000041382e+00
2.090999999999951342e+00
2.092000000000041382e+00
2.092999999999960892e+00
2.093999999999994088e+00
2.094000000000050932e+00
2.093999999999994088e+00
2.094999999999970441e+00
2.096000000000003638e+00
2.096000000000003638e+00
2.096000000000003638e+00
2.098000000000013188e+00
2.096999999999979991e+00
2.098000000000013188e+00
2.098999999999989541e+00
2.098000000000013188e+00
2.100999999999999091e+00
2.099999999999965894e+00
2.100000000000022737e+00
2.100999999999999091e+00
2.102000000000032287e+00
2.101999999999975444e+00
2.101999999999975444e+00
2.104000000000041837e+00
2.103999999999984993e+00
2.103999999999984993e+00
2.105000000000018190e+00
2.105000000000018190e+00
2.105999999999994543e+00
2.106999999999970896e+00
2.105999999999994543e+00
2.108000000000004093e+00
2.108000000000004093e+00
2.108000000000004093e+00
2.110000000000013642e+00
2.108999999999980446e+00
2.110000000000013642e+00
2.110999999999989996e+00
2.110999999999989996e+00
2.111000000000018417e+00
2.111999999999994770e+00
2.111999999999994770e+00
2.112999999999999545e+00
2.114000000000004320e+00
2.115000000000009095e+00
2.114999999999980673e+00
2.115000000000009095e+00
2.115000000000009095e+00
2.116999999999990223e+00
2.116999999999990223e+00
2.117000000000018645e+00
2.117999999999994998e+00
2.117999999999994998e+00
2.118999999999999773e+00
2.120000000000004547e+00
2.118999999999999773e+00
2.121000000000009322e+00
2.120999999999980901e+00
2.121000000000009322e+00
2.122000000000014097e+00
2.122999999999990450e+00
2.122999999999990450e+00
2.123999999999995225e+00
2.124000000000023647e+00
2.125000000000000000e+00
2.125000000000000000e+00
2.125999999999976353e+00
2.126000000000004775e+00
2.127000000000009550e+00
2.127000000000009550e+00
2.127999999999985903e+00
2.128000000000014325e+00
2.128999999999990678e+00
2.128999999999990678e+00
2.131000000000000227e+00
2.129999999999995453e+00
2.131000000000000227e+00
2.132000000000005002e+00
2.132000000000005002e+00
2.132000000000005002e+00
2.132999999999981355e+00
2.134000000000014552e+00
2.133999999999986130e+00
2.134000000000014552e+00
2.135999999999995680e+00
2.134999999999990905e+00
2.137000000000000455e+00
2.137000000000000455e+00
2.137000000000000455e+00
2.138000000000005230e+00
2.139000000000010004e+00
2.137999999999991019e+00
2.140000000000000568e+00
2.140000000000000568e+00
2.141000000000005343e+00
2.140000000000000568e+00
2.140999999999991132e+00
2.142000000000010118e+00
2.143000000000000682e+00
2.143999999999991246e+00
2.143000000000000682e+00
2.144000000000005457e+00
2.146000000000000796e+00
2.144099999999994566e+00
2.146100000000004115e+00
2.145899999999997476e+00
2.147700000000000387e+00
2.147300000000001319e+00
2.147199999999997999e+00
2.148799999999994270e+00
8.499590000000000600e+01
